300	1.0834367732
301	1.0542219119
302	1.0284836754
303	1.0157513805
304	0.9886750408
305	0.9623971978
306	0.9463829266
307	0.9352347904
308	0.9179507074
309	0.9106444699
310	0.9051440125
311	0.9000489806
312	0.892486804
313	0.8918051922
314	0.8717100362
315	0.8815052442
316	0.8924747929
317	0.886777491
318	0.8805085304
319	0.8892529406
320	0.9051228731
321	0.8979264511
322	0.8997096504
323	0.9048367348
324	0.9131110655
325	0.9390361945
326	0.9410493203
327	0.9560617988
328	0.9726475917
329	0.9666058121
330	0.9794753078
331	0.9933542147
332	0.9938658868
333	0.9992917382
334	1.0172185854
335	1.0308054517
336	1.0365107151
337	1.0382884238
338	1.050585849
339	1.0527654139
340	1.0733347676
341	1.0716440878
342	1.0635771028
343	1.0759308771
344	1.070497613
345	1.0795249356
346	1.0984666162
347	1.1018312976
348	1.0959720176
349	1.0841176985
350	1.0835890736
351	1.0883542468
352	1.0749852275
353	1.0734948238
354	1.0775411169
355	1.0660600334
356	1.052937138
357	1.0322251614
358	1.0519379534
359	1.0537908857
360	1.0315991438
361	1.0335444585
362	1.0322012765
363	1.0702392719
364	1.0403869312
365	1.0392825294
366	1.0280068699
367	1.0370341923
368	1.0340667003
369	1.0279168209
370	1.0361840824
371	1.0357050805
372	1.0623582868
373	1.0582284655
374	1.0751762378
375	1.0830581837
376	1.1064155496
377	1.1116064642
378	1.1621366015
379	1.1899546769
380	1.2092719268
381	1.2340423449
382	1.2693611001
383	1.2996733621
384	1.3375847263
385	1.3874109456
386	1.4080477673
387	1.4450895292
388	1.5024849256
389	1.5606871924
390	1.6096663216
391	1.6051690985
392	1.6955067034
393	1.7894624578
394	1.7631575041
395	1.8686734091
396	1.9438575598
397	1.9427857597
398	2.0125279983
399	2.0105570829
400	2.0603234528
401	2.075986726
402	2.0916499992
403	2.1070104558
404	2.1089091676
405	2.175553371
406	2.2507684072
407	2.1881562207
408	2.2528048002
409	2.2447531207
410	2.1653657781
411	2.2468909558
412	2.2306397575
413	2.2319591918
414	2.1965996675
415	2.2287878546
416	2.2155005791
417	2.2121774218
418	2.1200419983
419	2.1509951716
420	2.1442491996
421	2.101104024
422	2.1304571841
423	2.00619809
424	1.9439312735
425	1.9723385095
426	1.839676738
427	1.8144971196
428	1.7523866529
429	1.6678983758
430	1.5400790601
431	1.4953880927
432	1.3734845434
433	1.3060839848
434	1.2420533925
435	1.2098738536
436	1.1463328331
437	1.0854535366
438	1.0338788471
439	0.966901422
440	0.9401221334
441	0.8958438668
442	0.8490588532
443	0.816215273
444	0.7950661616
445	0.7523961445
446	0.731430219
447	0.7011633932
448	0.6923893328
449	0.6603351895
450	0.6478009058
451	0.6353172746
452	0.6084655765
453	0.589239954
454	0.5777752741
455	0.5658323131
456	0.5483873504
457	0.539063114
458	0.5296308808
459	0.507713266
460	0.5011562111
461	0.4994989565
462	0.4882289936
463	0.4777013496
464	0.4689537822
465	0.4612036151
466	0.452269327
467	0.4491798368
468	0.4394353496
469	0.4332023536
470	0.4252580531
471	0.4201670021
472	0.4169559596
473	0.4100073777
474	0.4055837309
475	0.3999889351
476	0.3967883938
477	0.3918097663
478	0.3900963
479	0.3875110349
480	0.3808829772
481	0.3766095718
482	0.3737712848
483	0.3656128094
484	0.3637972488
485	0.3747761319
486	0.366739037
487	0.3597935437
488	0.3610977411
489	0.3649383358
490	0.3607819183
491	0.3528119828
492	0.3533447943
493	0.3586112072
494	0.354618415
495	0.3523106059
496	0.3483199415
497	0.3462280916
498	0.3472953276
499	0.346135572
500	0.3443151039
501	0.3415665225
502	0.3423230147
503	0.3409626052
504	0.3367626391
505	0.336962332
506	0.3346707892
507	0.3346247354
508	0.3312129019
509	0.3309764209
510	0.3296053045
511	0.3300389732
512	0.3294367032
513	0.3308188013
514	0.3316918008
515	0.3329677209
516	0.334439147
517	0.3356633849
518	0.3370985376
519	0.3423947036
520	0.3518508903
521	0.3563712092
522	0.3615625015
523	0.3693671301
524	0.3759524971
525	0.3863211828
526	0.3995876963
527	0.4107224489
528	0.4191036439
529	0.4348075487
530	0.4549638587
531	0.465240162
532	0.4752708216
533	0.480500618
534	0.5007164683
535	0.511740959
536	0.5141594074
537	0.5225584475
538	0.5361023138
539	0.5353520333
540	0.5388716918
541	0.5322754121
542	0.5419181822
543	0.5444891026
544	0.5399575964
545	0.5329757267
546	0.5207464559
547	0.5097370646
548	0.5043260726
549	0.4868136421
550	0.4694654545
551	0.4526277033
552	0.443112628
553	0.4291874268
554	0.4247573627
555	0.4147295514
556	0.4022442042
557	0.3954725284
558	0.3903224171
559	0.387842472
560	0.3823677869
561	0.3822445877
562	0.3837937082
563	0.3852558686
564	0.3894426225
565	0.3935539468
566	0.4022494892
567	0.4147081715
568	0.4275533707
569	0.4389571029
570	0.4587069918
571	0.4706721562
572	0.4879363693
573	0.5100129764
574	0.5225346313
575	0.5330222609
576	0.5432937943
577	0.5440715975
578	0.5441984689
579	0.5303663365
580	0.5114902019
581	0.4873900367
582	0.4621326207
583	0.4355330181
584	0.4139759076
585	0.3729144486
586	0.3403998347
587	0.3169600727
588	0.2974293688
589	0.2785064941
590	0.2548468265
591	0.2422479062
592	0.2254218916
593	0.2101631002
594	0.2038980345
595	0.1950791042
596	0.1895623804
597	0.179712865
598	0.1784573296
599	0.174881974
600	0.1701752088
601	0.1677768362
602	0.164437035
603	0.1633950051
604	0.1590673096
605	0.1571158007
606	0.1574931202
607	0.1570123681
608	0.1545957043
609	0.1524106999
610	0.153394356
611	0.1540271169
612	0.1511569833
613	0.1501307565
614	0.150614254
615	0.1524975572
616	0.1497204237
617	0.1491919018
618	0.1489907334
619	0.1489592643
620	0.1480398161
621	0.1495014274
622	0.1467573758
623	0.1476365354
624	0.1482440216
625	0.1476338415
626	0.1487526737
627	0.146760207
628	0.1476594766
629	0.1459074202
630	0.1460544873
631	0.1481408121
632	0.1439896452
633	0.1441806558
634	0.1456169923
635	0.1425843831
636	0.1442092936
637	0.1414192053
638	0.139640184
639	0.1393828209
640	0.1379113948
641	0.1366658715
642	0.1347286214
643	0.133675241
644	0.1297283912
645	0.1325945783
646	0.1301715572
647	0.128005599
648	0.1263881696
649	0.1260762419
650	0.1256243421
651	0.1205157033
652	0.1237822198
653	0.1214346111
654	0.1185281011
655	0.117290179
656	0.1174451048
657	0.1159440629
658	0.1159984216
659	0.1152170579
660	0.1157542964
661	0.1169569487
662	0.1124170518
663	0.1125560115
664	0.1129455137
665	0.1112955343
666	0.1142745655
667	0.1096575918
668	0.1096470134
669	0.1107341192
670	0.1098219806
671	0.107905707
672	0.1067152716
673	0.1067278746
674	0.1068507222
675	0.1064460175
676	0.1072972084
677	0.1068679067
678	0.1062461788
679	0.1067267507
680	0.1044447998
681	0.1074561665
682	0.1057219809
683	0.104553929
684	0.1047812302
685	0.1058307155
686	0.1038720599
687	0.1050105732
688	0.1049047727
689	0.1033311838
690	0.103463606
691	0.102390639
692	0.1039030142
693	0.1040333259
694	0.1024054984
695	0.101288159
696	0.0991962319
697	0.1047663364
698	0.1010409366
699	0.1011008205
700	0.1015350468
701	0.1018780232
702	0.1007343709
703	0.1009393744
704	0.1019787619
705	0.0999743955
706	0.0994927083
707	0.1006168854
708	0.099096437
709	0.1010755629
710	0.1000303929
711	0.1001598638
712	0.1016016225
713	0.0973965773
714	0.0983776939
715	0.0976191084
716	0.0966319777
717	0.0986207038
718	0.0981324362
719	0.097881988
720	0.099104596
721	0.096119808
722	0.0989060871
723	0.0964155723
724	0.0963339742
725	0.0969946952
726	0.0969547583
727	0.0963493398
728	0.097091453
729	0.0960033263
730	0.0970475096
731	0.0953838548
732	0.0957200106
733	0.0943313752
734	0.0958444025
735	0.0946872378
736	0.0940394974
737	0.0954552692
738	0.0950405952
739	0.0936937584
740	0.0972797524
741	0.0963787498
742	0.094916109
743	0.094996343
744	0.0929695331
745	0.0960342291
746	0.0923089837
747	0.0949533433
748	0.095028996
749	0.0939898573
750	0.0904976527
751	0.0930235058
752	0.0916175058
753	0.0931995196
754	0.0934067193
755	0.0938887497
756	0.0935102634
757	0.0941025041
758	0.0934513576
759	0.0925706623
760	0.0921967316
761	0.0925527486
762	0.0942676993
763	0.0896878312
764	0.0933498382
765	0.0932898944
766	0.0936647602
767	0.0919612286
768	0.0919910933
769	0.091376452
770	0.0910117184
771	0.0903194425
772	0.0923468358
773	0.0924863702
774	0.0888843328
775	0.09130774
776	0.0935035887
777	0.0908873436
778	0.0903726859
779	0.091564657
780	0.0922936181
781	0.0921275735
782	0.0876190255
783	0.0918154913
784	0.0911597549
785	0.090731843
786	0.0876401135
787	0.0881063494
788	0.0890783204
789	0.0912242716
790	0.0889076
791	0.0908849929
792	0.0886432876
793	0.0881773864
794	0.0896942229
795	0.0889169772
796	0.0890564945
797	0.0887320152
798	0.0892965274
799	0.0903358891
800	0.0881515368
801	0.0890234555
802	0.0895344755
803	0.0866575127
804	0.0836555232
805	0.0886192483
806	0.0835225262
807	0.0885275437
808	0.0862793439
809	0.0894900088
810	0.0925630781
811	0.0912035696
812	0.0877666932
813	0.0917095021
814	0.0879532338
815	0.0932392419
816	0.0867502211
817	0.0897521334
818	0.0893121761
819	0.0876514983
820	0.0828219456
821	0.0868238233
822	0.0860674512
823	0.0858994419
824	0.0872789489
825	0.088771626
826	0.085215694
827	0.0860907699
828	0.085763425
829	0.0880071378
830	0.0823947973
831	0.0844425665
832	0.082437205
833	0.0844277156
834	0.0889392664
835	0.0841886436
836	0.0859470573
837	0.086382356
838	0.0869309193
839	0.0872641152
840	0.0839424422
841	0.085106702
842	0.0856535923
843	0.0853503468
844	0.0866090137
845	0.0840122008
846	0.0837374559
847	0.0862280737
848	0.0859455645
849	0.0837866499
850	0.0883165948
851	0.0811155571
852	0.0836670624
853	0.0864734772
854	0.0844725427
855	0.0862746681
856	0.0804578131
857	0.0777171075
858	0.0843287958
859	0.0884560949
860	0.0849939008
861	0.0877719008
862	0.0865191108
863	0.0818298904
864	0.0894920335
865	0.0823803668
866	0.0811915272
867	0.0763790302
868	0.0784127636
869	0.085570793
870	0.0823541483
871	0.083146262
872	0.082499225
873	0.0848690971
874	0.0813902419
875	0.0834971228
876	0.0847304892
877	0.0798239455
878	0.0819554834
879	0.0817685652
880	0.0810508431
881	0.0793598716
882	0.0810846543
883	0.0846810465
884	0.0829800458
885	0.0807375512
886	0.0828249913
887	0.0821658575
888	0.0831883093
889	0.0836905269
890	0.0818340342
891	0.0763805745
892	0.0814258719
893	0.0789763235
894	0.0821944009
895	0.0775537139
896	0.0829824394
897	0.0802633623
898	0.0825301707
899	0.082636872
900	0.0823953206
902	0.0754765948
903	0.0823473535
904	0.075849985
905	0.0754372499
906	0.0816409904
907	0.0793989162
908	0.0793370248
909	0.0755032765
910	0.0796498792
911	0.0781738375
912	0.0788740749
913	0.0793863904
914	0.0791627269
915	0.0774422768
916	0.0778640202
917	0.0779817631
918	0.0786510977
919	0.0776655628
920	0.0780171443
921	0.0777154259
922	0.0786798042
923	0.0775458552
924	0.074516978
925	0.0800605466
926	0.0789445199
927	0.0751318768
928	0.0843411844
929	0.0795049655
930	0.0808162667
931	0.0773609875
932	0.0731030593
933	0.0796308416
934	0.0754440018
935	0.0739217089
936	0.077519122
937	0.0780847581
938	0.0799986123
939	0.0783988393
940	0.0736773692
941	0.0773202785
942	0.0754841789
943	0.0728682856
944	0.0728662351
945	0.0785132277
946	0.0759224718
947	0.0762250653
948	0.0748134287
949	0.0702798805
950	0.0707135234
951	0.0758284422
952	0.0764908705
953	0.0756139243
954	0.0714186725
955	0.0725250432
956	0.0715510261
957	0.0718832397
958	0.0752252629
959	0.0687573087
960	0.0717404622
961	0.0702353022
962	0.0713990129
963	0.0678848795
964	0.071390884
965	0.0690807371
966	0.0720964449
967	0.0753021338
968	0.0668798652
969	0.0696774776
970	0.0646711046
971	0.0700496667
972	0.0667492747
973	0.0702585823
974	0.0648504043
975	0.0642432485
976	0.0616301777
977	0.0711492768
978	0.0694912415
979	0.0665089802
980	0.0651865687
981	0.0674736973
982	0.0705776352
983	0.0665745435
984	0.066439466
985	0.0720559504
986	0.0654602798
987	0.0598951642
988	0.0598356707
989	0.0632986627
990	0.0648631875
991	0.0662769561
992	0.0646434405
993	0.0667672441
994	0.0672056186
995	0.0690812475
996	0.071595467
997	0.0693113026
998	0.0613748179
999	0.0639676456
1000	0.0650337406
1001	0.0675515077
1002	0.0686151061
1003	0.0561797894
1004	0.0663465818
1005	0.069410467
1006	0.0679252668
1007	0.0548031351
1008	0.0691719612
1009	0.0569395718
1010	0.0665231876
1011	0.0712294851
1012	0.0610764969
1013	0.0753345895
1014	0.0653925588
1015	0.067931268
1016	0.0598656084
1017	0.0685016528
1018	0.0618998093
1019	0.0656138072
1020	0.0611286508
1021	0.0737316678
1022	0.0705285013
1023	0.0678454531
1024	0.0695709307
1025	0.069847829
1026	0.05929449
1027	0.0671764831
1028	0.0587010054
1029	0.0611543802
1030	0.0689631443
1031	0.0691929763
1032	0.0670566254
1033	0.0714274449
1034	0.0639008554
1035	0.086538543
1036	0.0763087053
1037	0.0591695662
1038	0.0661228797
1039	0.067536644
1040	0.0547303393
1041	0.0626575413
1042	0.0757861289
1043	0.0313602804
1044	0.0594773845
1045	0.0784189579
1046	0.0528076226
1047	0.0645595603
1048	0.0882419716
1049	0.0667910175
1050	0.0575543289
1051	0.0483176404
1052	0.0445108698
1053	0.0734744763
1054	0.0752759068
1055	0.0522571033
1056	0.0397950234
1057	0.054032517
1058	0.0465029977
1059	0.0760162441
1060	0.0788847218
1061	0.0396716396
1062	0.0444509731
1063	0.0867096494
1064	0.0968448741
1065	0.0647939823
1066	0.0759704475
1067	0.0656677927
1068	0.0719833692
1069	0.0498996842
1070	0.0750070816
1071	0.0761012225
1072	0.0646312321
1073	0.0511408492
1074	0.0985628018
1075	0.0833629848
1076	0.0599133953
1077	0.1001995347
1078	0.0746246231
1079	0.0795558238
1080	0.0557858689
1081	0.0594854834
1082	0.063711119
1083	0.068198772
1084	0.0592414826
1085	0.0835446953
1086	0.1080815663
1087	0.0064578939
1088	0.0791646573
1089	0.0855276733
1090	0.00661187
1091	0.0832823818
1092	0.0452615838
1093	0.1293432902
1094	0.081643324
1095	0.0377447534
1096	0.0314934404
1097	0.0252421275
1098	0.0835719089
1099	0.1254993067
1100	0.0916576228
