           400       1.343753       1.605511
           410       1.342811       1.603297
           414       1.342455       1.602472
           420       1.341940       1.601296
           430       1.341132       1.599482
           440       1.340380       1.597833
           450       1.339679       1.596330
           460       1.339023       1.594956
           470       1.338409       1.593697
           480       1.337832       1.592541
           490       1.337290       1.591478
           500       1.336778       1.590497
           510       1.336295       1.589590
           520       1.335838       1.588751
           530       1.335405       1.587972
           540       1.334994       1.587249
           542       1.334914       1.587110
           550       1.334602       1.586575
           560       1.334230       1.585947
           570       1.333874       1.585361
           576       1.333668       1.585027
           580       1.333534       1.584812
           590       1.333208       1.584299
           600       1.332896       1.583817
           610       1.332596       1.583364
           620       1.332307       1.582939
           630       1.332030       1.582538
           640       1.331762       1.582161
           650       1.331503       1.581805
           660       1.331253       1.581468
           670       1.331011       1.581149
           680       1.330776       1.580848
           690       1.330549       1.580562
           700       1.330327       1.580291
           710       1.330112       1.580034
           720       1.329902       1.579790
           730       1.329697       1.579557
           740       1.329497       1.579335
           750       1.329301       1.579125
           760       1.329110       1.578923
           770       1.328923       1.578731
           780       1.328739       1.578548
           790       1.328558       1.578373
           800       1.328381       1.578205
