1.00
2.060323     587.149292       2.060323     587.149292
2.165366     586.401855       2.165366     586.401855
2.196600     586.251465       2.196600     586.251465
2.144249     585.161011       2.144249     585.161011
1.540079     579.871216       1.540079     579.871216
0.940122     572.705505       0.940122     572.705505
0.647801     566.457458       0.647801     566.457458
0.501156     559.887573       0.501156     559.887573
0.425258     551.280029       0.425258     551.280029
0.380883     541.369324       0.380883     541.369324
0.360782     531.790710       0.360782     531.790710
0.344315     522.791748       0.344315     522.791748
0.329605     513.510071       0.329605     513.510071
0.351851     503.399048       0.351851     503.399048
0.454964     492.813965       0.454964     492.813965
0.538872     482.479401       0.538872     482.479401
0.541918     480.483124       0.541918     480.483124
0.469465     472.727631       0.469465     472.727631
0.382368     463.323669       0.382368     463.323669
0.458707     453.824860       0.458707     453.824860
0.543294     447.962891       0.543294     447.962891
0.511490     443.986389       0.511490     443.986389
0.254847     433.920471       0.254847     433.920471
0.170175     423.970825       0.170175     423.970825
0.153394     414.462982       0.153394     414.462982
0.148040     405.524323       0.148040     405.524323
0.146054     397.057617       0.146054     397.057617
0.137911     388.839355       0.137911     388.839355
0.125624     380.649292       0.125624     380.649292
0.115754     372.361420       0.115754     372.361420
0.109822     363.977448       0.109822     363.977448
0.104445     355.604370       0.104445     355.604370
0.103464     347.392303       0.103464     347.392303
0.101535     339.479248       0.101535     339.479248
0.100030     331.944672       0.100030     331.944672
0.099105     324.801270       0.099105     324.801270
0.097048     318.004913       0.097048     318.004913
0.097280     311.476532       0.097280     311.476532
0.090498     305.131897       0.090498     305.131897
0.092197     298.896881       0.092197     298.896881
0.091012     292.723236       0.091012     292.723236
0.092294     286.592255       0.092294     286.592255
0.088908     280.511658       0.088908     280.511658
0.088152     274.508423       0.088152     274.508423
