     22.442825
     22.350830
     22.076755
     21.626479
     21.009648
     20.239152
     19.331029
     18.303750
     17.177847
     15.975167
     14.718213
     13.429741
     12.131893
     10.845734
      9.590785
      8.384497
      7.241979
      6.175698
      5.195295
      4.307609
      3.516681
      2.823835
      2.227951
      1.725682
      1.311804
      0.979554
      0.720998
      0.527412
      0.389643
      0.298450
      0.244806
      0.220165
      0.216674
      0.227341
      0.246140
      0.268079
      0.289206
      0.306587
      0.318238
      0.323031
      0.320580
      0.311115
      0.295346
      0.274326
      0.249331
      0.221738
      0.192922
      0.164179
      0.136653
      0.111293
      0.088826
      0.069741
      0.054300
      0.042547
      0.034338
      0.029373
      0.027231
      0.027411
      0.029367
      0.032544
      0.036408
      0.040470
      0.044310
      0.047584
      0.050036
      0.051500
      0.051890
      0.051205
      0.049506
      0.046913
      0.043586
      0.039712
      0.035494
      0.031133
      0.026822
      0.022736
      0.019020
      0.015792
      0.013132
      0.011089
      0.009677
      0.008878
      0.008649
      0.008924
      0.009618
      0.010638
      0.011882
      0.013248
      0.014637
      0.015960
      0.017136
      0.018100
      0.018803
      0.019209
      0.019302
      0.019080
      0.018556
      0.017759
      0.016724
      0.015500
      0.014139
      0.012698
      0.011235
      0.009808
      0.008470
      0.007270
      0.006247
      0.005434
      0.004855
      0.004523
      0.004441
      0.004601
      0.004988
      0.005576
      0.006335
      0.007226
      0.008208
      0.009237
      0.010268
      0.011258
      0.012167
      0.012957
      0.013599
      0.014068
      0.014349
      0.014431
      0.014316
      0.014009
      0.013526
      0.012888
      0.012121
      0.011255
      0.010325
      0.009364
      0.008408
      0.007489
      0.006637
      0.005878
      0.005231
      0.004713
      0.004331
      0.004087
      0.003977
      0.003992
      0.004115
      0.004329
      0.004609
      0.004932
      0.005273
      0.005607
      0.005911
      0.006164
      0.006350
      0.006457
      0.006477
      0.006407
      0.006249
      0.006010
      0.005700
      0.005334
      0.004927
      0.004499
      0.004067
      0.003649
      0.003262
      0.002921
      0.002636
      0.002415
      0.002262
      0.002178
      0.002159
      0.002198
      0.002284
      0.002407
      0.002552
      0.002705
      0.002852
      0.002982
      0.003083
      0.003146
      0.003168
