     43.504839
     43.267388
     42.561611
     41.407603
     39.837925
     37.895898
     35.634521
     33.113809
     30.398962
     27.557422
     24.656426
     21.761155
     18.931903
     16.222539
     13.679049
     11.338279
      9.227493
      7.364089
      5.755795
      4.401498
      3.292094
      2.411683
      1.739065
      1.249167
      0.914585
      0.707015
      0.598570
      0.562917
      0.576193
      0.617681
      0.670245
      0.720511
      0.758847
      0.779140
      0.778425
      0.756402
      0.714887
      0.657232
      0.587757
      0.511222
      0.432374
      0.355566
      0.284481
      0.221950
      0.169862
      0.129161
      0.099910
      0.081415
      0.072380
      0.071087
      0.075581
      0.083838
      0.093924
      0.104115
      0.112990
      0.119486
      0.122921
      0.122986
      0.119708
      0.113400
      0.104593
      0.093965
      0.082263
      0.070244
      0.058609
      0.047963
      0.038775
      0.031368
      0.025907
      0.022409
      0.020759
      0.020733
      0.022027
      0.024290
      0.027146
      0.030231
      0.033209
      0.035796
      0.037769
      0.038976
      0.039334
      0.038831
      0.037516
      0.035489
      0.032890
      0.029887
      0.026658
      0.023386
      0.020244
      0.017382
      0.014929
      0.012980
      0.011596
      0.010805
      0.010598
      0.010939
      0.011762
      0.012980
      0.014492
      0.016183
      0.017937
      0.019638
      0.021178
      0.022462
      0.023412
      0.023969
      0.024098
      0.023785
      0.023043
      0.021907
      0.020431
      0.018689
      0.016769
      0.014768
      0.012786
      0.010926
      0.009280
      0.007933
      0.006952
      0.006385
      0.006260
      0.006580
      0.007324
      0.008450
      0.009895
      0.011578
      0.013408
      0.015285
      0.017107
      0.018777
      0.020206
      0.021320
      0.022063
      0.022399
      0.022315
      0.021823
      0.020956
      0.019764
      0.018317
      0.016696
      0.014987
      0.013280
      0.011659
      0.010200
      0.008966
      0.008002
      0.007337
      0.006976
      0.006909
      0.007103
      0.007513
      0.008080
      0.008740
      0.009423
      0.010062
      0.010598
      0.010977
      0.011164
      0.011136
      0.010885
      0.010422
      0.009771
      0.008969
      0.008061
      0.007099
      0.006135
      0.005222
      0.004405
      0.003719
      0.003190
      0.002830
      0.002639
      0.002604
      0.002701
      0.002899
      0.003159
      0.003443
      0.003710
      0.003928
      0.004070
      0.004119
