      8.046328
      8.024188
      7.958073
      7.848950
      7.698405
      7.508574
      7.282167
      7.022347
      6.732712
      6.417196
      6.079967
      5.725411
      5.357981
      4.982136
      4.602277
      4.222637
      3.847241
      3.479829
      3.123781
      2.782111
      2.457419
      2.151848
      1.867100
      1.604414
      1.364587
      1.147989
      0.954586
      0.783974
      0.635419
      0.507904
      0.400166
      0.310755
      0.238075
      0.180434
      0.136087
      0.103284
      0.080300
      0.065476
      0.057244
      0.054152
      0.054881
      0.058256
      0.063260
      0.069029
      0.074856
      0.080182
      0.084590
      0.087793
      0.089618
      0.089997
      0.088945
      0.086547
      0.082946
      0.078319
      0.072873
      0.066826
      0.060399
      0.053803
      0.047237
      0.040877
      0.034874
      0.029348
      0.024395
      0.020076
      0.016427
      0.013458
      0.011153
      0.009477
      0.008381
      0.007798
      0.007656
      0.007877
      0.008380
      0.009085
      0.009915
      0.010801
      0.011680
      0.012497
      0.013209
      0.013780
      0.014186
      0.014414
      0.014455
      0.014314
      0.014000
      0.013528
      0.012919
      0.012196
      0.011385
      0.010514
      0.009610
      0.008699
      0.007806
      0.006953
      0.006160
      0.005442
      0.004811
      0.004278
      0.003846
      0.003517
      0.003291
      0.003162
      0.003124
      0.003169
      0.003285
      0.003461
      0.003685
      0.003943
      0.004225
      0.004517
      0.004810
      0.005092
      0.005355
      0.005593
      0.005799
      0.005970
      0.006102
      0.006196
      0.006250
      0.006268
      0.006250
      0.006201
      0.006124
      0.006025
      0.005907
      0.005775
      0.005634
      0.005489
      0.005341
      0.005196
      0.005055
      0.004920
      0.004792
      0.004672
      0.004559
      0.004453
      0.004353
      0.004256
      0.004162
      0.004067
      0.003971
      0.003871
      0.003765
      0.003653
      0.003533
      0.003405
      0.003269
      0.003127
      0.002979
      0.002828
      0.002675
      0.002524
      0.002377
      0.002238
      0.002111
      0.002000
      0.001906
      0.001834
      0.001787
      0.001765
      0.001772
      0.001808
      0.001874
      0.001968
      0.002089
      0.002236
      0.002406
      0.002595
      0.002798
      0.003012
      0.003232
      0.003451
      0.003666
      0.003870
      0.004059
      0.004228
      0.004372
      0.004488
      0.004573
      0.004625
      0.004643
