      3.517147
      3.509982
      3.488564
      3.453126
      3.404056
      3.341873
      3.267246
      3.180960
      3.083919
      2.977126
      2.861657
      2.738669
      2.609359
      2.474953
      2.336699
      2.195835
      2.053581
      1.911123
      1.769587
      1.630040
      1.493476
      1.360796
      1.232807
      1.110218
      0.993628
      0.883533
      0.780319
      0.684263
      0.595541
      0.514230
      0.440310
      0.373680
      0.314158
      0.261493
      0.215375
      0.175443
      0.141295
      0.112501
      0.088606
      0.069144
      0.053646
      0.041646
      0.032687
      0.026330
      0.022160
      0.019784
      0.018842
      0.019005
      0.019978
      0.021501
      0.023346
      0.025324
      0.027276
      0.029074
      0.030622
      0.031848
      0.032705
      0.033170
      0.033236
      0.032913
      0.032223
      0.031199
      0.029883
      0.028319
      0.026558
      0.024648
      0.022641
      0.020584
      0.018522
      0.016495
      0.014541
      0.012691
      0.010969
      0.009396
      0.007988
      0.006753
      0.005697
      0.004819
      0.004116
      0.003580
      0.003201
      0.002966
      0.002861
      0.002869
      0.002973
      0.003157
      0.003403
      0.003694
      0.004015
      0.004350
      0.004686
      0.005010
      0.005312
      0.005583
      0.005815
      0.006003
      0.006141
      0.006229
      0.006264
      0.006248
      0.006180
      0.006065
      0.005905
      0.005705
      0.005469
      0.005204
      0.004914
      0.004606
      0.004285
      0.003958
      0.003630
      0.003307
      0.002993
      0.002693
      0.002412
      0.002152
      0.001917
      0.001709
      0.001530
      0.001381
      0.001262
      0.001174
      0.001116
      0.001088
      0.001087
      0.001112
      0.001161
      0.001232
      0.001322
      0.001428
      0.001548
      0.001678
      0.001817
      0.001961
      0.002108
      0.002256
      0.002402
      0.002545
      0.002683
      0.002815
      0.002940
      0.003057
      0.003166
      0.003266
      0.003358
      0.003443
      0.003520
      0.003590
      0.003655
      0.003716
      0.003773
      0.003828
      0.003882
      0.003937
      0.003993
      0.004051
      0.004112
      0.004177
      0.004247
      0.004322
      0.004402
      0.004487
      0.004577
      0.004671
      0.004769
      0.004870
      0.004973
      0.005077
      0.005181
      0.005283
      0.005382
      0.005477
      0.005566
      0.005649
      0.005723
      0.005788
      0.005842
      0.005886
      0.005917
      0.005936
      0.005943
