     58.726851
     58.357842
     57.262607
     55.476855
     53.058320
     50.083394
     46.644595
     42.845723
     38.797886
     34.614082
     30.404585
     26.273413
     22.313535
     18.604236
     15.209044
     12.174014
      9.527668
      7.281300
      5.430189
      3.955748
      2.827859
      2.007597
      1.450252
      1.108150
      0.933388
      0.880196
      0.906890
      0.977348
      1.061953
      1.138037
      1.189858
      1.208165
      1.189434
      1.134889
      1.049371
      0.940167
      0.815894
      0.685479
      0.557306
      0.438566
      0.334818
      0.249747
      0.185136
      0.140989
      0.115786
      0.106825
      0.110612
      0.123257
      0.140843
      0.159750
      0.176900
      0.189928
      0.197265
      0.198150
      0.192567
      0.181138
      0.164971
      0.145492
      0.124277
      0.102889
      0.082749
      0.065022
      0.050553
      0.039832
      0.032994
      0.029851
      0.029942
      0.032609
      0.037068
      0.042493
      0.048086
      0.053138
      0.057082
      0.059519
      0.060230
      0.059179
      0.056493
      0.052430
      0.047349
      0.041669
      0.035821
      0.030222
      0.025231
      0.021133
      0.018118
      0.016274
      0.015590
      0.015965
      0.017223
      0.019134
      0.021435
      0.023856
      0.026141
      0.028065
      0.029454
      0.030190
      0.030219
      0.029549
      0.028246
      0.026425
      0.024234
      0.021843
      0.019428
      0.017157
      0.015177
      0.013603
      0.012511
      0.011936
      0.011871
      0.012272
      0.013060
      0.014137
      0.015386
      0.016691
      0.017942
      0.019041
      0.019917
      0.020521
      0.020836
      0.020871
      0.020659
      0.020252
      0.019717
      0.019122
      0.018536
      0.018016
      0.017604
      0.017323
      0.017174
      0.017137
      0.017173
      0.017230
      0.017246
      0.017159
      0.016911
      0.016456
      0.015768
      0.014842
      0.013697
      0.012377
      0.010947
      0.009494
      0.008112
      0.006903
      0.005963
      0.005379
      0.005218
      0.005521
      0.006299
      0.007534
      0.009175
      0.011142
      0.013331
      0.015621
      0.017885
      0.019991
      0.021820
      0.023269
      0.024257
      0.024736
      0.024686
      0.024123
      0.023093
      0.021666
      0.019936
      0.018009
      0.015994
      0.014001
      0.012125
      0.010447
      0.009023
      0.007888
      0.007049
      0.006490
      0.006176
      0.006056
      0.006071
      0.006162
      0.006271
      0.006356
      0.006388
