     19.455192
     19.379902
     19.155491
     18.786528
     18.280464
     17.647295
     16.899512
     16.051492
     15.119331
     14.120198
     13.071897
     11.992545
     10.899913
      9.811069
      8.742028
      7.707299
      6.719702
      5.790086
      4.927149
      4.137454
      3.425377
      2.793133
      2.240959
      1.767248
      1.368785
      1.040994
      0.778200
      0.573913
      0.421107
      0.312491
      0.240750
      0.198777
      0.179855
      0.177821
      0.187176
      0.203172
      0.221853
      0.240063
      0.255426
      0.266302
      0.271714
      0.271267
      0.265054
      0.253556
      0.237541
      0.217971
      0.195909
      0.172443
      0.148619
      0.125388
      0.103565
      0.083800
      0.066569
      0.052171
      0.040732
      0.032222
      0.026478
      0.023229
      0.022122
      0.022752
      0.024686
      0.027495
      0.030766
      0.034128
      0.037261
      0.039907
      0.041873
      0.043036
      0.043335
      0.042769
      0.041391
      0.039295
      0.036605
      0.033470
      0.030048
      0.026500
      0.022980
      0.019626
      0.016558
      0.013872
      0.011637
      0.009895
      0.008660
      0.007923
      0.007653
      0.007798
      0.008294
      0.009065
      0.010030
      0.011107
      0.012214
      0.013279
      0.014234
      0.015025
      0.015610
      0.015960
      0.016060
      0.015909
      0.015515
      0.014902
      0.014099
      0.013144
      0.012080
      0.010952
      0.009807
      0.008687
      0.007635
      0.006686
      0.005871
      0.005211
      0.004723
      0.004413
      0.004281
      0.004318
      0.004512
      0.004842
      0.005285
      0.005813
      0.006397
      0.007009
      0.007621
      0.008207
      0.008743
      0.009212
      0.009598
      0.009892
      0.010090
      0.010192
      0.010202
      0.010130
      0.009988
      0.009790
      0.009552
      0.009291
      0.009024
      0.008764
      0.008527
      0.008321
      0.008156
      0.008035
      0.007958
      0.007924
      0.007926
      0.007956
      0.008003
      0.008054
      0.008097
      0.008117
      0.008102
      0.008041
      0.007925
      0.007747
      0.007503
      0.007193
      0.006819
      0.006387
      0.005906
      0.005387
      0.004844
      0.004291
      0.003743
      0.003216
      0.002724
      0.002280
      0.001895
      0.001578
      0.001333
      0.001164
      0.001070
      0.001045
      0.001084
      0.001176
      0.001310
      0.001472
      0.001650
      0.001830
      0.001997
      0.002141
      0.002251
      0.002320
      0.002344
