    285.215057
    284.675171
    283.060608
    280.387939
    276.684326
    271.986420
    266.341461
    259.804626
    252.440247
    244.319366
    235.518570
    226.120483
    216.211151
    205.878845
    195.214020
    184.306793
    173.246826
    162.121719
    151.015472
    140.008514
    129.176544
    118.589203
    108.310135
     98.395966
     88.896294
     79.853333
     71.301651
     63.268265
     55.772728
     48.827477
     42.437897
     36.603043
     31.315784
     26.563648
     22.329237
     18.590858
     15.323296
     12.498325
     10.085443
      8.052468
      6.366214
      4.992937
      3.898996
      3.051279
      2.417632
      1.967248
      1.670977
      1.501581
      1.433937
      1.445179
      1.514787
      1.624621
      1.758922
      1.904258
      2.049443
      2.185423
      2.305136
      2.403347
      2.476489
      2.522467
      2.540473
      2.530802
      2.494667
      2.434015
      2.351362
      2.249639
      2.132041
      2.001903
      1.862584
      1.717371
      1.569395
      1.421565
      1.276521
      1.136588
      1.003756
      0.879673
      0.765632
      0.662585
      0.571154
      0.491657
      0.424125
      0.368341
      0.323865
      0.290071
      0.266181
      0.251296
      0.244430
      0.244542
      0.250560
      0.261415
      0.276053
      0.293465
      0.312698
      0.332872
      0.353186
      0.372933
      0.391498
      0.408364
      0.423112
      0.435419
      0.445052
      0.451867
      0.455801
      0.456861
      0.455121
      0.450713
      0.443812
      0.434638
      0.423436
      0.410475
      0.396039
      0.380415
      0.363895
      0.346759
      0.329279
      0.311710
      0.294288
      0.277225
      0.260709
      0.244904
      0.229944
      0.215940
      0.202975
      0.191108
      0.180376
      0.170793
      0.162356
      0.155047
      0.148832
      0.143669
      0.139507
      0.136290
      0.133960
      0.132459
      0.131732
      0.131725
      0.132395
      0.133701
      0.135613
      0.138109
      0.141175
      0.144807
      0.149009
      0.153791
      0.159173
      0.165178
      0.171833
      0.179167
      0.187212
      0.195996
      0.205547
      0.215884
      0.227023
      0.238970
      0.251721
      0.265265
      0.279573
      0.294606
      0.310314
      0.326629
      0.343472
      0.360751
      0.378360
      0.396182
      0.414090
      0.431949
      0.449615
      0.466940
      0.483771
      0.499956
      0.515344
      0.529786
      0.543140
      0.555272
      0.566058
      0.575386
      0.583158
      0.589290
      0.593719
      0.596395
      0.597290
