     79.050728
     78.470928
     76.753281
     73.962935
     70.204678
     65.616274
     60.362676
     54.626309
     48.598823
     42.470703
     36.422490
     30.617939
     25.196172
     20.267483
     15.910693
     12.171847
      9.065626
      6.577814
      4.669377
      3.281775
      2.342513
      1.770971
      1.484129
      1.401575
      1.449754
      1.565163
      1.696437
      1.805336
      1.866660
      1.867310
      1.804628
      1.684279
      1.517868
      1.320555
      1.108806
      0.898471
      0.703285
      0.533828
      0.396976
      0.295797
      0.229835
      0.195679
      0.187732
      0.199067
      0.222281
      0.250263
      0.276816
      0.297104
      0.307891
      0.307601
      0.296201
      0.274957
      0.246098
      0.212440
      0.176998
      0.142652
      0.111856
      0.086451
      0.067547
      0.055514
      0.050028
      0.050201
      0.054732
      0.062093
      0.070704
      0.079093
      0.086031
      0.090614
      0.092312
      0.090973
      0.086786
      0.080220
      0.071941
      0.062722
      0.053349
      0.044548
      0.036915
      0.030878
      0.026672
      0.024341
      0.023756
      0.024648
      0.026651
      0.029345
      0.032306
      0.035144
      0.037532
      0.039232
      0.040100
      0.040090
      0.039243
      0.037670
      0.035535
      0.033028
      0.030348
      0.027684
      0.025197
      0.023018
      0.021234
      0.019899
      0.019028
      0.018609
      0.018610
      0.018983
      0.019674
      0.020623
      0.021773
      0.023066
      0.024441
      0.025839
      0.027195
      0.028440
      0.029502
      0.030306
      0.030779
      0.030858
      0.030493
      0.029657
      0.028349
      0.026603
      0.024488
      0.022111
      0.019608
      0.017139
      0.014879
      0.013003
      0.011673
      0.011020
      0.011136
      0.012060
      0.013772
      0.016191
      0.019176
      0.022538
      0.026050
      0.029465
      0.032533
      0.035022
      0.036738
      0.037540
      0.037351
      0.036167
      0.034057
      0.031158
      0.027666
      0.023816
      0.019868
      0.016082
      0.012700
      0.009926
      0.007907
      0.006728
      0.006404
      0.006880
      0.008041
      0.009721
      0.011721
      0.013829
      0.015837
      0.017559
      0.018849
      0.019612
      0.019806
      0.019450
      0.018613
      0.017408
      0.015976
      0.014474
      0.013055
      0.011855
      0.010978
      0.010487
      0.010401
      0.010691
      0.011290
      0.012098
      0.012995
      0.013857
      0.014568
      0.015035
      0.015198
