     14.341180
     14.291876
     14.144834
     13.902711
     13.569879
     13.152200
     12.657041
     12.092935
     11.469485
     10.797043
     10.086422
      9.348782
      8.595217
      7.836558
      7.083177
      6.344714
      5.629948
      4.946615
      4.301273
      3.699280
      3.144735
      2.640434
      2.187960
      1.787704
      1.438984
      1.140144
      0.888692
      0.681437
      0.514648
      0.384205
      0.285745
      0.214807
      0.166960
      0.137920
      0.123646
      0.120425
      0.124926
      0.134246
      0.145931
      0.157984
      0.168850
      0.177399
      0.182886
      0.184914
      0.183379
      0.178425
      0.170386
      0.159736
      0.147040
      0.132909
      0.117960
      0.102785
      0.087921
      0.073835
      0.060905
      0.049419
      0.039567
      0.031449
      0.025081
      0.020403
      0.017294
      0.015584
      0.015067
      0.015515
      0.016694
      0.018371
      0.020327
      0.022362
      0.024305
      0.026014
      0.027382
      0.028333
      0.028824
      0.028841
      0.028399
      0.027531
      0.026290
      0.024741
      0.022958
      0.021017
      0.018996
      0.016966
      0.014994
      0.013138
      0.011445
      0.009952
      0.008683
      0.007652
      0.006864
      0.006312
      0.005984
      0.005858
      0.005911
      0.006113
      0.006436
      0.006847
      0.007318
      0.007819
      0.008325
      0.008813
      0.009262
      0.009658
      0.009988
      0.010242
      0.010415
      0.010504
      0.010509
      0.010432
      0.010277
      0.010049
      0.009755
      0.009403
      0.008999
      0.008554
      0.008076
      0.007575
      0.007059
      0.006539
      0.006023
      0.005523
      0.005046
      0.004604
      0.004204
      0.003857
      0.003570
      0.003351
      0.003208
      0.003145
      0.003166
      0.003276
      0.003473
      0.003758
      0.004128
      0.004576
      0.005096
      0.005679
      0.006313
      0.006985
      0.007681
      0.008386
      0.009082
      0.009755
      0.010387
      0.010963
      0.011469
      0.011890
      0.012218
      0.012441
      0.012555
      0.012555
      0.012442
      0.012216
      0.011883
      0.011451
      0.010929
      0.010329
      0.009665
      0.008952
      0.008204
      0.007438
      0.006669
      0.005911
      0.005178
      0.004482
      0.003833
      0.003239
      0.002705
      0.002235
      0.001830
      0.001488
      0.001208
      0.000985
      0.000812
      0.000684
      0.000592
      0.000530
      0.000490
      0.000466
      0.000453
      0.000447
      0.000445
