      4.677400
      4.666841
      4.635287
      4.583117
      4.510961
      4.419663
      4.310305
      4.184153
      4.042664
      3.887443
      3.720207
      3.542787
      3.357072
      3.164981
      2.968449
      2.769376
      2.569621
      2.370960
      2.175061
      1.983477
      1.797625
      1.618757
      1.447969
      1.286175
      1.134121
      0.992372
      0.861318
      0.741183
      0.632030
      0.533774
      0.446191
      0.368941
      0.301573
      0.243548
      0.194257
      0.153032
      0.119167
      0.091933
      0.070592
      0.054411
      0.042674
      0.034694
      0.029820
      0.027446
      0.027016
      0.028028
      0.030039
      0.032662
      0.035568
      0.038486
      0.041196
      0.043533
      0.045375
      0.046643
      0.047295
      0.047323
      0.046744
      0.045597
      0.043939
      0.041840
      0.039377
      0.036631
      0.033687
      0.030623
      0.027519
      0.024444
      0.021461
      0.018626
      0.015982
      0.013567
      0.011405
      0.009514
      0.007903
      0.006573
      0.005516
      0.004720
      0.004169
      0.003841
      0.003711
      0.003753
      0.003939
      0.004241
      0.004632
      0.005084
      0.005573
      0.006076
      0.006571
      0.007041
      0.007470
      0.007845
      0.008155
      0.008394
      0.008556
      0.008639
      0.008642
      0.008568
      0.008420
      0.008203
      0.007923
      0.007587
      0.007204
      0.006781
      0.006330
      0.005857
      0.005373
      0.004886
      0.004404
      0.003937
      0.003491
      0.003073
      0.002689
      0.002344
      0.002042
      0.001788
      0.001583
      0.001428
      0.001326
      0.001275
      0.001275
      0.001324
      0.001419
      0.001558
      0.001737
      0.001950
      0.002195
      0.002466
      0.002757
      0.003063
      0.003379
      0.003699
      0.004017
      0.004329
      0.004630
      0.004914
      0.005178
      0.005418
      0.005631
      0.005813
      0.005964
      0.006080
      0.006162
      0.006209
      0.006221
      0.006199
      0.006145
      0.006061
      0.005948
      0.005810
      0.005649
      0.005470
      0.005275
      0.005068
      0.004853
      0.004633
      0.004412
      0.004194
      0.003980
      0.003776
      0.003581
      0.003400
      0.003233
      0.003083
      0.002948
      0.002832
      0.002732
      0.002650
      0.002583
      0.002532
      0.002495
      0.002470
      0.002456
      0.002451
      0.002453
      0.002460
      0.002470
      0.002482
      0.002494
      0.002505
      0.002514
      0.002519
      0.002521
