    131.313507
    131.122757
    130.551865
    129.605408
    128.290894
    126.618439
    124.601074
    122.254303
    119.596069
    116.646652
    113.427780
    109.963394
    106.278610
    102.399666
     98.353714
     94.168411
     89.871742
     85.491714
     81.055817
     76.591156
     72.124077
     67.679672
     63.281975
     58.953430
     54.714886
     50.585533
     46.582611
     42.721439
     39.015305
     35.475548
     32.111351
     28.930027
     25.936775
     23.135002
     20.526241
     18.110302
     15.885424
     13.848357
     11.994528
     10.318144
      8.812435
      7.469665
      6.281411
      5.238649
      4.331911
      3.551426
      2.887255
      2.329400
      1.867936
      1.493110
      1.195418
      0.965702
      0.795210
      0.675657
      0.599270
      0.558821
      0.547652
      0.559691
      0.589458
      0.632058
      0.683175
      0.739053
      0.796475
      0.852736
      0.905608
      0.953315
      0.994487
      1.028129
      1.053582
      1.070485
      1.078735
      1.078452
      1.069949
      1.053688
      1.030260
      1.000349
      0.964710
      0.924140
      0.879463
      0.831506
      0.781086
      0.728992
      0.675982
      0.622764
      0.569993
      0.518269
      0.468124
      0.420031
      0.374396
      0.331559
      0.291798
      0.255327
      0.222304
      0.192830
      0.166955
      0.144681
      0.125969
      0.110738
      0.098874
      0.090234
      0.084649
      0.081927
      0.081860
      0.084226
      0.088793
      0.095321
      0.103568
      0.113290
      0.124245
      0.136195
      0.148907
      0.162159
      0.175736
      0.189433
      0.203061
      0.216440
      0.229408
      0.241815
      0.253528
      0.264427
      0.274411
      0.283392
      0.291300
      0.298078
      0.303687
      0.308101
      0.311309
      0.313312
      0.314127
      0.313780
      0.312310
      0.309766
      0.306206
      0.301698
      0.296316
      0.290139
      0.283254
      0.275751
      0.267721
      0.259260
      0.250463
      0.241425
      0.232238
      0.222996
      0.213784
      0.204689
      0.195789
      0.187156
      0.178860
      0.170959
      0.163507
      0.156550
      0.150124
      0.144261
      0.138981
      0.134297
      0.130214
      0.126730
      0.123835
      0.121512
      0.119737
      0.118480
      0.117705
      0.117373
      0.117440
      0.117858
      0.118577
      0.119545
      0.120709
      0.122017
      0.123417
      0.124859
      0.126293
      0.127674
      0.128962
      0.130118
      0.131111
      0.131912
      0.132500
      0.132859
      0.132979
