     39.522126
     39.315659
     38.701785
     37.697187
     36.329033
     34.633501
     32.654941
     30.443755
     28.054927
     25.545610
     22.973130
     20.393497
     17.859014
     15.416974
     13.108439
     10.967051
      9.018636
      7.280818
      5.763063
      4.467271
      3.388367
      2.515176
      1.831607
      1.317777
      0.951266
      0.708314
      0.564944
      0.497965
      0.485820
      0.509248
      0.551750
      0.599864
      0.643256
      0.674643
      0.689578
      0.686115
      0.664412
      0.626271
      0.574678
      0.513343
      0.446290
      0.377492
      0.310581
      0.248628
      0.193999
      0.148292
      0.112326
      0.086198
      0.069375
      0.060819
      0.059129
      0.062685
      0.069791
      0.078801
      0.088218
      0.096778
      0.103499
      0.107711
      0.109049
      0.107441
      0.103063
      0.096296
      0.087667
      0.077789
      0.067307
      0.056847
      0.046973
      0.038153
      0.030739
      0.024955
      0.020896
      0.018536
      0.017744
      0.018303
      0.019933
      0.022319
      0.025132
      0.028054
      0.030793
      0.033107
      0.034806
      0.035764
      0.035916
      0.035261
      0.033854
      0.031796
      0.029224
      0.026302
      0.023204
      0.020107
      0.017177
      0.014562
      0.012382
      0.010724
      0.009643
      0.009154
      0.009239
      0.009849
      0.010904
      0.012306
      0.013941
      0.015685
      0.017417
      0.019020
      0.020390
      0.021441
      0.022109
      0.022354
      0.022162
      0.021544
      0.020536
      0.019196
      0.017597
      0.015826
      0.013977
      0.012146
      0.010425
      0.008898
      0.007636
      0.006691
      0.006100
      0.005874
      0.006009
      0.006477
      0.007235
      0.008224
      0.009377
      0.010618
      0.011871
      0.013064
      0.014131
      0.015018
      0.015684
      0.016104
      0.016270
      0.016190
      0.015889
      0.015403
      0.014780
      0.014073
      0.013339
      0.012634
      0.012008
      0.011504
      0.011155
      0.010978
      0.010979
      0.011149
      0.011467
      0.011899
      0.012403
      0.012932
      0.013435
      0.013865
      0.014175
      0.014330
      0.014302
      0.014075
      0.013647
      0.013027
      0.012238
      0.011310
      0.010285
      0.009207
      0.008124
      0.007083
      0.006126
      0.005289
      0.004598
      0.004072
      0.003715
      0.003521
      0.003476
      0.003554
      0.003724
      0.003951
      0.004200
      0.004435
      0.004626
      0.004751
      0.004794
