      6.847803
      6.830028
      6.776931
      6.689249
      6.568188
      6.415372
      6.232865
      6.023079
      5.788771
      5.532958
      5.258848
      4.969835
      4.669376
      4.360954
      4.048024
      3.733940
      3.421912
      3.114959
      2.815837
      2.527045
      2.250778
      1.988894
      1.742919
      1.514030
      1.303067
      1.110534
      0.936618
      0.781209
      0.643927
      0.524152
      0.421051
      0.333624
      0.260728
      0.201116
      0.153475
      0.116454
      0.088697
      0.068872
      0.055693
      0.047941
      0.044485
      0.044289
      0.046428
      0.050089
      0.054579
      0.059317
      0.063837
      0.067781
      0.070888
      0.072987
      0.073990
      0.073873
      0.072672
      0.070470
      0.067382
      0.063551
      0.059131
      0.054287
      0.049181
      0.043968
      0.038792
      0.033779
      0.029038
      0.024658
      0.020706
      0.017228
      0.014252
      0.011785
      0.009818
      0.008330
      0.007285
      0.006641
      0.006345
      0.006345
      0.006582
      0.007000
      0.007546
      0.008166
      0.008815
      0.009452
      0.010042
      0.010556
      0.010973
      0.011278
      0.011461
      0.011519
      0.011454
      0.011271
      0.010981
      0.010595
      0.010129
      0.009598
      0.009019
      0.008408
      0.007781
      0.007155
      0.006541
      0.005954
      0.005403
      0.004896
      0.004441
      0.004041
      0.003701
      0.003420
      0.003199
      0.003035
      0.002927
      0.002871
      0.002861
      0.002894
      0.002964
      0.003066
      0.003196
      0.003347
      0.003517
      0.003699
      0.003891
      0.004089
      0.004291
      0.004492
      0.004692
      0.004888
      0.005078
      0.005261
      0.005436
      0.005601
      0.005754
      0.005896
      0.006023
      0.006135
      0.006230
      0.006307
      0.006365
      0.006401
      0.006415
      0.006404
      0.006368
      0.006306
      0.006216
      0.006100
      0.005956
      0.005785
      0.005588
      0.005367
      0.005123
      0.004858
      0.004576
      0.004280
      0.003973
      0.003660
      0.003344
      0.003030
      0.002723
      0.002426
      0.002145
      0.001882
      0.001642
      0.001428
      0.001243
      0.001088
      0.000965
      0.000876
      0.000819
      0.000794
      0.000800
      0.000835
      0.000896
      0.000980
      0.001083
      0.001201
      0.001329
      0.001463
      0.001598
      0.001731
      0.001855
      0.001968
      0.002066
      0.002145
      0.002204
      0.002240
      0.002252
