      8.725714
      8.700985
      8.627151
      8.505322
      8.337321
      8.125599
      7.873268
      7.583947
      7.261758
      6.911193
      6.537004
      6.144188
      5.737796
      5.322875
      4.904392
      4.487101
      4.075505
      3.673761
      3.285605
      2.914337
      2.562773
      2.233200
      1.927393
      1.646600
      1.391562
      1.162537
      0.959333
      0.781344
      0.627604
      0.496840
      0.387519
      0.297917
      0.226161
      0.170295
      0.128325
      0.098270
      0.078203
      0.066286
      0.060804
      0.060187
      0.063027
      0.068093
      0.074332
      0.080875
      0.087024
      0.092254
      0.096192
      0.098604
      0.099381
      0.098520
      0.096102
      0.092277
      0.087245
      0.081239
      0.074511
      0.067315
      0.059901
      0.052500
      0.045319
      0.038537
      0.032298
      0.026713
      0.021857
      0.017772
      0.014469
      0.011932
      0.010118
      0.008969
      0.008406
      0.008345
      0.008692
      0.009353
      0.010232
      0.011242
      0.012299
      0.013332
      0.014276
      0.015083
      0.015713
      0.016139
      0.016346
      0.016330
      0.016097
      0.015659
      0.015038
      0.014259
      0.013353
      0.012352
      0.011291
      0.010202
      0.009117
      0.008066
      0.007076
      0.006169
      0.005363
      0.004674
      0.004109
      0.003674
      0.003370
      0.003193
      0.003136
      0.003189
      0.003340
      0.003573
      0.003873
      0.004224
      0.004607
      0.005008
      0.005409
      0.005796
      0.006157
      0.006480
      0.006755
      0.006976
      0.007137
      0.007237
      0.007274
      0.007251
      0.007169
      0.007034
      0.006852
      0.006630
      0.006375
      0.006096
      0.005801
      0.005499
      0.005196
      0.004900
      0.004618
      0.004355
      0.004114
      0.003899
      0.003713
      0.003555
      0.003426
      0.003325
      0.003248
      0.003195
      0.003160
      0.003140
      0.003132
      0.003131
      0.003133
      0.003134
      0.003133
      0.003125
      0.003110
      0.003086
      0.003053
      0.003011
      0.002961
      0.002906
      0.002847
      0.002788
      0.002732
      0.002683
      0.002643
      0.002618
      0.002609
      0.002619
      0.002652
      0.002709
      0.002790
      0.002897
      0.003028
      0.003183
      0.003358
      0.003551
      0.003758
      0.003976
      0.004198
      0.004421
      0.004639
      0.004846
      0.005038
      0.005209
      0.005356
      0.005474
      0.005561
      0.005614
      0.005632
