      5.423100
      5.410173
      5.371548
      5.307718
      5.219490
      5.107956
      4.974506
      4.820767
      4.648607
      4.460079
      4.257372
      4.042816
      3.818803
      3.587754
      3.352095
      3.114202
      2.876376
      2.640809
      2.409531
      2.184420
      1.967164
      1.759234
      1.561890
      1.376157
      1.202836
      1.042500
      0.895501
      0.761977
      0.641869
      0.534941
      0.440789
      0.358871
      0.288521
      0.228979
      0.179407
      0.138915
      0.106580
      0.081469
      0.062653
      0.049227
      0.040323
      0.035122
      0.032863
      0.032854
      0.034474
      0.037176
      0.040489
      0.044020
      0.047446
      0.050516
      0.053042
      0.054895
      0.055999
      0.056325
      0.055880
      0.054707
      0.052870
      0.050454
      0.047556
      0.044281
      0.040736
      0.037026
      0.033252
      0.029505
      0.025868
      0.022411
      0.019193
      0.016259
      0.013642
      0.011363
      0.009431
      0.007845
      0.006595
      0.005664
      0.005026
      0.004654
      0.004515
      0.004573
      0.004795
      0.005144
      0.005586
      0.006089
      0.006622
      0.007158
      0.007675
      0.008152
      0.008572
      0.008923
      0.009196
      0.009383
      0.009483
      0.009495
      0.009422
      0.009268
      0.009038
      0.008741
      0.008384
      0.007978
      0.007531
      0.007055
      0.006558
      0.006051
      0.005543
      0.005042
      0.004557
      0.004095
      0.003663
      0.003266
      0.002910
      0.002597
      0.002332
      0.002117
      0.001953
      0.001841
      0.001781
      0.001771
      0.001811
      0.001899
      0.002030
      0.002203
      0.002414
      0.002658
      0.002931
      0.003228
      0.003543
      0.003872
      0.004209
      0.004549
      0.004886
      0.005215
      0.005530
      0.005828
      0.006102
      0.006350
      0.006566
      0.006748
      0.006894
      0.007000
      0.007066
      0.007090
      0.007072
      0.007013
      0.006913
      0.006775
      0.006600
      0.006391
      0.006152
      0.005887
      0.005599
      0.005292
      0.004972
      0.004643
      0.004309
      0.003975
      0.003646
      0.003325
      0.003016
      0.002723
      0.002449
      0.002196
      0.001966
      0.001761
      0.001581
      0.001426
      0.001297
      0.001193
      0.001112
      0.001052
      0.001012
      0.000989
      0.000981
      0.000985
      0.000997
      0.001016
      0.001039
      0.001062
      0.001085
      0.001105
      0.001120
      0.001130
      0.001133
