     26.465288
     26.348926
     26.002437
     25.433794
     24.656021
     23.686541
     22.546926
     21.261934
     19.858954
     18.366951
     16.815532
     15.234402
     13.652141
     12.095598
     10.589263
      9.154569
      7.809602
      6.568713
      5.442361
      4.437206
      3.556194
      2.798756
      2.161234
      1.637261
      1.218275
      0.894034
      0.653135
      0.483538
      0.373054
      0.309778
      0.282465
      0.280835
      0.295802
      0.319626
      0.345990
      0.370010
      0.388184
      0.398283
      0.399214
      0.390844
      0.373814
      0.349342
      0.319039
      0.284724
      0.248273
      0.211487
      0.175979
      0.143106
      0.113914
      0.089119
      0.069111
      0.053968
      0.043498
      0.037289
      0.034756
      0.035202
      0.037877
      0.042019
      0.046910
      0.051902
      0.056451
      0.060128
      0.062633
      0.063790
      0.063539
      0.061926
      0.059084
      0.055212
      0.050553
      0.045375
      0.039952
      0.034543
      0.029382
      0.024667
      0.020552
      0.017141
      0.014493
      0.012620
      0.011493
      0.011051
      0.011202
      0.011838
      0.012839
      0.014080
      0.015441
      0.016811
      0.018090
      0.019198
      0.020069
      0.020661
      0.020949
      0.020924
      0.020597
      0.019990
      0.019138
      0.018082
      0.016871
      0.015556
      0.014189
      0.012820
      0.011497
      0.010263
      0.009157
      0.008208
      0.007442
      0.006877
      0.006522
      0.006382
      0.006452
      0.006724
      0.007182
      0.007804
      0.008564
      0.009432
      0.010374
      0.011355
      0.012336
      0.013281
      0.014152
      0.014914
      0.015537
      0.015991
      0.016257
      0.016318
      0.016165
      0.015798
      0.015225
      0.014458
      0.013522
      0.012444
      0.011259
      0.010007
      0.008730
      0.007471
      0.006274
      0.005180
      0.004227
      0.003447
      0.002865
      0.002500
      0.002360
      0.002446
      0.002749
      0.003250
      0.003926
      0.004744
      0.005667
      0.006654
      0.007662
      0.008648
      0.009571
      0.010394
      0.011085
      0.011616
      0.011970
      0.012136
      0.012110
      0.011899
      0.011513
      0.010972
      0.010301
      0.009527
      0.008680
      0.007793
      0.006896
      0.006018
      0.005184
      0.004414
      0.003726
      0.003128
      0.002627
      0.002222
      0.001907
      0.001675
      0.001514
      0.001409
      0.001348
      0.001316
      0.001303
      0.001299
      0.001298
