    103.479553
    103.340637
    102.924805
    102.235161
    101.276779
    100.056473
     98.583176
     96.867294
     94.921097
     92.758400
     90.394020
     87.844383
     85.126770
     82.259125
     79.260384
     76.149673
     72.946541
     69.670639
     66.341354
     62.977932
     59.599216
     56.223320
     52.867706
     49.548843
     46.282295
     43.082489
     39.962669
     36.934784
     34.009468
     31.196091
     28.502529
     25.935417
     23.499922
     21.199982
     19.038187
     17.015903
     15.133361
     13.389671
     11.782937
     10.310333
      8.968235
      7.752228
      6.657291
      5.677859
      4.807916
      4.041098
      3.370783
      2.790175
      2.292389
      1.870537
      1.517778
      1.227399
      0.992865
      0.807873
      0.666389
      0.562687
      0.491380
      0.447437
      0.426202
      0.423402
      0.435151
      0.457951
      0.488684
      0.524606
      0.563328
      0.602805
      0.641314
      0.677439
      0.710042
      0.738245
      0.761404
      0.779087
      0.791049
      0.797211
      0.797635
      0.792502
      0.782097
      0.766784
      0.746990
      0.723192
      0.695895
      0.665626
      0.632920
      0.598307
      0.562307
      0.525421
      0.488120
      0.450851
      0.414022
      0.378007
      0.343137
      0.309707
      0.277969
      0.248135
      0.220378
      0.194833
      0.171598
      0.150738
      0.132285
      0.116241
      0.102581
      0.091257
      0.082198
      0.075314
      0.070500
      0.067634
      0.066587
      0.067217
      0.069378
      0.072919
      0.077686
      0.083524
      0.090280
      0.097803
      0.105946
      0.114567
      0.123531
      0.132709
      0.141981
      0.151237
      0.160373
      0.169297
      0.177926
      0.186189
      0.194022
      0.201373
      0.208200
      0.214471
      0.220162
      0.225260
      0.229759
      0.233662
      0.236980
      0.239728
      0.241932
      0.243618
      0.244823
      0.245583
      0.245939
      0.245936
      0.245621
      0.245039
      0.244239
      0.243268
      0.242174
      0.241002
      0.239795
      0.238595
      0.237440
      0.236364
      0.235400
      0.234575
      0.233912
      0.233430
      0.233144
      0.233064
      0.233196
      0.233541
      0.234096
      0.234854
      0.235806
      0.236936
      0.238228
      0.239662
      0.241214
      0.242861
      0.244577
      0.246334
      0.248105
      0.249861
      0.251575
      0.253220
      0.254770
      0.256200
      0.257489
      0.258615
      0.259562
      0.260314
      0.260860
      0.261191
      0.261301
