     10.257512
     10.226627
     10.134445
      9.982429
      9.772996
      9.509388
      9.195704
      8.836715
      8.437830
      8.004925
      7.544196
      7.062115
      6.565203
      6.059927
      5.552603
      5.049222
      4.555406
      4.076275
      3.616358
      3.179578
      2.769197
      2.387765
      2.037150
      1.718527
      1.432422
      1.178744
      0.956842
      0.765562
      0.603327
      0.468208
      0.357996
      0.270289
      0.202559
      0.152227
      0.116728
      0.093570
      0.080385
      0.074967
      0.075311
      0.079629
      0.086372
      0.094232
      0.102144
      0.109274
      0.115011
      0.118943
      0.120839
      0.120624
      0.118354
      0.114188
      0.108366
      0.101179
      0.092956
      0.084033
      0.074745
      0.065407
      0.056303
      0.047678
      0.039734
      0.032625
      0.026457
      0.021291
      0.017144
      0.013994
      0.011787
      0.010441
      0.009853
      0.009908
      0.010479
      0.011440
      0.012664
      0.014034
      0.015441
      0.016789
      0.018000
      0.019008
      0.019767
      0.020245
      0.020427
      0.020311
      0.019909
      0.019243
      0.018345
      0.017251
      0.016004
      0.014650
      0.013233
      0.011799
      0.010390
      0.009044
      0.007796
      0.006673
      0.005699
      0.004889
      0.004254
      0.003798
      0.003520
      0.003411
      0.003462
      0.003656
      0.003974
      0.004396
      0.004897
      0.005455
      0.006046
      0.006644
      0.007229
      0.007780
      0.008277
      0.008705
      0.009051
      0.009305
      0.009459
      0.009512
      0.009461
      0.009310
      0.009064
      0.008731
      0.008321
      0.007846
      0.007320
      0.006757
      0.006171
      0.005578
      0.004992
      0.004427
      0.003896
      0.003411
      0.002980
      0.002613
      0.002314
      0.002089
      0.001937
      0.001860
      0.001854
      0.001915
      0.002037
      0.002213
      0.002434
      0.002692
      0.002975
      0.003276
      0.003582
      0.003886
      0.004179
      0.004452
      0.004699
      0.004915
      0.005096
      0.005239
      0.005344
      0.005411
      0.005441
      0.005438
      0.005407
      0.005351
      0.005277
      0.005190
      0.005096
      0.005002
      0.004913
      0.004835
      0.004771
      0.004725
      0.004701
      0.004698
      0.004719
      0.004762
      0.004825
      0.004906
      0.005003
      0.005109
      0.005222
      0.005337
      0.005448
      0.005552
      0.005643
      0.005718
      0.005774
      0.005809
      0.005821
