    305.732788
    305.139893
    303.367035
    300.432739
    296.367737
    291.212830
    285.021271
    277.854980
    269.785980
    260.893799
    251.264221
    240.989655
    230.166000
    218.891724
    207.267456
    195.393387
    183.368729
    171.290436
    159.251083
    147.339050
    135.637344
    124.221771
    113.161423
    102.517273
     92.342407
     82.681458
     73.570526
     65.037140
     57.100540
     49.772041
     43.055161
     36.946465
     31.435709
     26.506908
     22.138754
     18.305374
     14.977214
     12.121630
      9.703701
      7.686913
      6.033905
      4.706978
      3.668800
      2.882884
      2.314048
      1.928815
      1.695747
      1.585698
      1.572014
      1.630659
      1.740289
      1.882262
      2.040606
      2.201941
      2.355352
      2.492253
      2.606201
      2.692703
      2.749020
      2.773934
      2.767548
      2.731059
      2.666559
      2.576826
      2.465151
      2.335159
      2.190657
      2.035500
      1.873470
      1.708184
      1.543006
      1.380990
      1.224832
      1.076839
      0.938913
      0.812548
      0.698836
      0.598485
      0.511841
      0.438919
      0.379440
      0.332863
      0.298431
      0.275209
      0.262120
      0.257991
      0.261582
      0.271624
      0.286849
      0.306019
      0.327945
      0.351514
      0.375696
      0.399569
      0.422315
      0.443235
      0.461750
      0.477396
      0.489830
      0.498816
      0.504227
      0.506031
      0.504287
      0.499128
      0.490758
      0.479437
      0.465470
      0.449198
      0.430987
      0.411215
      0.390268
      0.368529
      0.346369
      0.324141
      0.302177
      0.280780
      0.260221
      0.240736
      0.222527
      0.205758
      0.190554
      0.177005
      0.165168
      0.155065
      0.146688
      0.140001
      0.134946
      0.131444
      0.129398
      0.128702
      0.129238
      0.130884
      0.133516
      0.137014
      0.141261
      0.146147
      0.151574
      0.157453
      0.163711
      0.170287
      0.177135
      0.184226
      0.191541
      0.199077
      0.206845
      0.214865
      0.223166
      0.231784
      0.240762
      0.250146
      0.259978
      0.270305
      0.281164
      0.292588
      0.304601
      0.317219
      0.330444
      0.344264
      0.358656
      0.373579
      0.388980
      0.404789
      0.420924
      0.437285
      0.453764
      0.470239
      0.486581
      0.502650
      0.518305
      0.533399
      0.547785
      0.561320
      0.573862
      0.585279
      0.595447
      0.604253
      0.611601
      0.617404
      0.621598
      0.624134
      0.624982
