     87.349395
     86.673652
     84.673193
     81.427822
     77.065830
     71.755283
     65.696655
     59.110469
     52.226768
     45.272124
     38.458972
     31.976919
     25.983667
     20.600259
     15.908414
     11.949694
      8.727983
      6.213362
      4.347765
      3.052055
      2.233216
      1.791683
      1.628248
      1.649931
      1.774680
      1.934641
      2.077963
      2.169228
      2.188589
      2.129949
      1.998382
      1.807171
      1.574700
      1.321519
      1.067767
      0.831111
      0.625326
      0.459481
      0.337749
      0.259728
      0.221167
      0.214962
      0.232277
      0.263669
      0.300103
      0.333765
      0.358643
      0.370835
      0.368606
      0.352214
      0.323571
      0.285783
      0.242634
      0.198088
      0.155831
      0.118921
      0.089538
      0.068872
      0.057119
      0.053586
      0.056871
      0.065092
      0.076138
      0.087912
      0.098538
      0.106526
      0.110874
      0.111112
      0.107279
      0.099863
      0.089694
      0.077819
      0.065369
      0.053433
      0.042949
      0.034623
      0.028883
      0.025863
      0.025416
      0.027158
      0.030532
      0.034878
      0.039508
      0.043782
      0.047162
      0.049261
      0.049863
      0.048933
      0.046600
      0.043134
      0.038898
      0.034314
      0.029804
      0.025756
      0.022481
      0.020193
      0.018992
      0.018863
      0.019689
      0.021269
      0.023346
      0.025639
      0.027868
      0.029791
      0.031218
      0.032029
      0.032179
      0.031699
      0.030679
      0.029261
      0.027611
      0.025902
      0.024294
      0.022915
      0.021849
      0.021133
      0.020754
      0.020660
      0.020765
      0.020970
      0.021176
      0.021298
      0.021284
      0.021116
      0.020818
      0.020452
      0.020113
      0.019911
      0.019962
      0.020365
      0.021193
      0.022472
      0.024178
      0.026230
      0.028498
      0.030805
      0.032948
      0.034711
      0.035892
      0.036320
      0.035876
      0.034504
      0.032227
      0.029143
      0.025420
      0.021287
      0.017016
      0.012893
      0.009200
      0.006187
      0.004052
      0.002919
      0.002833
      0.003753
      0.005554
      0.008045
      0.010981
      0.014089
      0.017091
      0.019730
      0.021792
      0.023121
      0.023637
      0.023332
      0.022276
      0.020597
      0.018476
      0.016116
      0.013731
      0.011517
      0.009635
      0.008200
      0.007267
      0.006834
      0.006845
      0.007196
      0.007758
      0.008388
      0.008952
      0.009338
      0.009476
