      4.351533
      4.341967
      4.313372
      4.266087
      4.200667
      4.117858
      4.018618
      3.904066
      3.775495
      3.634326
      3.482085
      3.320401
      3.150956
      2.975464
      2.795656
      2.613235
      2.429874
      2.247178
      2.066657
      1.889726
      1.717682
      1.551679
      1.392736
      1.241714
      1.099323
      0.966117
      0.842495
      0.728703
      0.624845
      0.530892
      0.446689
      0.371970
      0.306370
      0.249440
      0.200659
      0.159454
      0.125208
      0.097279
      0.075011
      0.057747
      0.044840
      0.035663
      0.029618
      0.026140
      0.024710
      0.024853
      0.026140
      0.028198
      0.030701
      0.033374
      0.035993
      0.038377
      0.040392
      0.041940
      0.042961
      0.043426
      0.043333
      0.042702
      0.041571
      0.039993
      0.038031
      0.035754
      0.033235
      0.030547
      0.027761
      0.024945
      0.022162
      0.019465
      0.016904
      0.014517
      0.012336
      0.010383
      0.008675
      0.007219
      0.006014
      0.005057
      0.004336
      0.003836
      0.003539
      0.003422
      0.003462
      0.003635
      0.003916
      0.004279
      0.004701
      0.005158
      0.005631
      0.006098
      0.006544
      0.006954
      0.007315
      0.007618
      0.007856
      0.008022
      0.008115
      0.008133
      0.008079
      0.007953
      0.007762
      0.007510
      0.007204
      0.006851
      0.006460
      0.006038
      0.005595
      0.005138
      0.004676
      0.004218
      0.003771
      0.003343
      0.002939
      0.002566
      0.002229
      0.001932
      0.001678
      0.001470
      0.001310
      0.001199
      0.001135
      0.001119
      0.001149
      0.001223
      0.001337
      0.001489
      0.001674
      0.001888
      0.002126
      0.002384
      0.002656
      0.002937
      0.003223
      0.003508
      0.003788
      0.004059
      0.004316
      0.004555
      0.004775
      0.004971
      0.005141
      0.005285
      0.005400
      0.005487
      0.005545
      0.005574
      0.005576
      0.005552
      0.005504
      0.005434
      0.005344
      0.005238
      0.005118
      0.004986
      0.004847
      0.004703
      0.004557
      0.004412
      0.004270
      0.004134
      0.004005
      0.003887
      0.003779
      0.003683
      0.003600
      0.003531
      0.003474
      0.003430
      0.003399
      0.003378
      0.003368
      0.003367
      0.003373
      0.003386
      0.003402
      0.003421
      0.003441
      0.003461
      0.003479
      0.003494
      0.003505
      0.003513
      0.003515
