    123.636070
    123.460007
    122.933151
    122.059570
    120.846115
    119.301842
    117.438766
    115.270737
    112.814148
    110.087303
    107.110001
    103.903999
    100.492142
     96.898224
     93.147087
     89.263870
     85.274170
     81.203598
     77.077316
     72.920151
     68.756386
     64.609100
     60.500504
     56.451324
     52.480995
     48.607361
     44.846592
     41.213104
     37.719490
     34.376587
     31.193300
     28.176807
     25.332375
     22.663635
     20.172489
     17.859264
     15.722836
     13.760677
     11.969032
     10.343010
      8.876772
      7.563564
      6.395955
      5.365929
      4.465008
      3.684396
      3.015091
      2.447996
      1.974031
      1.584235
      1.269829
      1.022316
      0.833534
      0.695719
      0.601545
      0.544165
      0.517234
      0.514925
      0.531944
      0.563525
      0.605429
      0.653929
      0.705796
      0.758274
      0.809058
      0.856263
      0.898393
      0.934311
      0.963203
      0.984549
      0.998079
      1.003752
      1.001719
      0.992290
      0.975909
      0.953124
      0.924565
      0.890918
      0.852907
      0.811275
      0.766765
      0.720110
      0.672020
      0.623170
      0.574196
      0.525683
      0.478167
      0.432126
      0.387981
      0.346097
      0.306777
      0.270273
      0.236776
      0.206428
      0.179322
      0.155503
      0.134974
      0.117700
      0.103609
      0.092600
      0.084545
      0.079289
      0.076663
      0.076477
      0.078531
      0.082614
      0.088511
      0.096000
      0.104861
      0.114873
      0.125820
      0.137491
      0.149682
      0.162198
      0.174852
      0.187473
      0.199896
      0.211974
      0.223571
      0.234564
      0.244847
      0.254327
      0.262926
      0.270579
      0.277237
      0.282864
      0.287438
      0.290948
      0.293399
      0.294805
      0.295190
      0.294591
      0.293053
      0.290628
      0.287378
      0.283368
      0.278671
      0.273364
      0.267525
      0.261238
      0.254584
      0.247649
      0.240513
      0.233259
      0.225966
      0.218708
      0.211557
      0.204581
      0.197840
      0.191390
      0.185280
      0.179554
      0.174247
      0.169388
      0.165000
      0.161096
      0.157684
      0.154766
      0.152334
      0.150378
      0.148878
      0.147812
      0.147151
      0.146863
      0.146910
      0.147254
      0.147853
      0.148664
      0.149642
      0.150743
      0.151923
      0.153139
      0.154350
      0.155517
      0.156606
      0.157585
      0.158424
      0.159102
      0.159600
      0.159904
      0.160006
