     92.118118
     91.999115
     91.642853
     91.051880
     90.230438
     89.184113
     87.920319
     86.447685
     84.776382
     82.917862
     80.884399
     78.689713
     76.348129
     73.874680
     71.285110
     68.595436
     65.822083
     62.981541
     60.090149
     57.164158
     54.219559
     51.271744
     48.335625
     45.425346
     42.554302
     39.735031
     36.979050
     34.296917
     31.698063
     29.190891
     26.782606
     24.479378
     22.286160
     20.206856
     18.244282
     16.400190
     14.675377
     13.069674
     11.582047
     10.210655
      8.952940
      7.805649
      6.764970
      5.826590
      4.985767
      4.237414
      3.576178
      2.996500
      2.492697
      2.059034
      1.689762
      1.379193
      1.121741
      0.911973
      0.744646
      0.614738
      0.517480
      0.448379
      0.403229
      0.378133
      0.369502
      0.374065
      0.388864
      0.411252
      0.438882
      0.469704
      0.501945
      0.534100
      0.564911
      0.593353
      0.618618
      0.640088
      0.657329
      0.670059
      0.678140
      0.681552
      0.680383
      0.674808
      0.665073
      0.651485
      0.634394
      0.614184
      0.591259
      0.566037
      0.538937
      0.510377
      0.480761
      0.450478
      0.419896
      0.389359
      0.359184
      0.329659
      0.301041
      0.273556
      0.247399
      0.222735
      0.199698
      0.178393
      0.158897
      0.141261
      0.125513
      0.111657
      0.099676
      0.089536
      0.081186
      0.074561
      0.069583
      0.066163
      0.064206
      0.063608
      0.064261
      0.066054
      0.068872
      0.072604
      0.077134
      0.082354
      0.088154
      0.094432
      0.101087
      0.108027
      0.115164
      0.122416
      0.129710
      0.136977
      0.144159
      0.151202
      0.158061
      0.164698
      0.171082
      0.177190
      0.183003
      0.188511
      0.193709
      0.198595
      0.203176
      0.207461
      0.211464
      0.215202
      0.218695
      0.221965
      0.225036
      0.227935
      0.230686
      0.233318
      0.235856
      0.238326
      0.240753
      0.243160
      0.245568
      0.247997
      0.250464
      0.252983
      0.255566
      0.258221
      0.260954
      0.263767
      0.266660
      0.269629
      0.272669
      0.275770
      0.278921
      0.282106
      0.285311
      0.288517
      0.291705
      0.294853
      0.297939
      0.300942
      0.303837
      0.306603
      0.309217
      0.311657
      0.313902
      0.315932
      0.317731
      0.319281
      0.320570
      0.321584
      0.322316
      0.322757
      0.322905
