      9.460989
      9.433362
      9.350887
      9.214839
      9.027315
      8.791133
      8.509863
      8.187652
      7.829225
      7.439714
      7.024547
      6.589403
      6.140023
      5.682119
      5.221289
      4.762873
      4.311906
      3.873000
      3.450275
      3.047334
      2.667217
      2.312347
      1.984557
      1.685075
      1.414556
      1.173108
      0.960336
      0.775388
      0.617020
      0.483657
      0.373455
      0.284370
      0.214224
      0.160763
      0.121723
      0.094875
      0.078074
      0.069301
      0.066693
      0.068568
      0.073439
      0.080028
      0.087266
      0.094290
      0.100436
      0.105225
      0.108344
      0.109631
      0.109052
      0.106679
      0.102670
      0.097242
      0.090660
      0.083209
      0.075184
      0.066874
      0.058550
      0.050456
      0.042799
      0.035753
      0.029448
      0.023974
      0.019381
      0.015684
      0.012863
      0.010871
      0.009638
      0.009074
      0.009080
      0.009546
      0.010362
      0.011419
      0.012614
      0.013850
      0.015046
      0.016128
      0.017040
      0.017738
      0.018194
      0.018391
      0.018327
      0.018009
      0.017455
      0.016692
      0.015751
      0.014669
      0.013484
      0.012236
      0.010965
      0.009709
      0.008501
      0.007373
      0.006351
      0.005455
      0.004701
      0.004099
      0.003653
      0.003364
      0.003226
      0.003229
      0.003361
      0.003605
      0.003944
      0.004357
      0.004824
      0.005324
      0.005836
      0.006340
      0.006819
      0.007256
      0.007638
      0.007952
      0.008192
      0.008349
      0.008423
      0.008411
      0.008317
      0.008144
      0.007900
      0.007593
      0.007232
      0.006829
      0.006395
      0.005941
      0.005481
      0.005024
      0.004582
      0.004165
      0.003781
      0.003436
      0.003137
      0.002887
      0.002689
      0.002543
      0.002448
      0.002401
      0.002399
      0.002437
      0.002510
      0.002610
      0.002732
      0.002869
      0.003014
      0.003160
      0.003302
      0.003434
      0.003553
      0.003655
      0.003738
      0.003801
      0.003845
      0.003869
      0.003876
      0.003868
      0.003850
      0.003825
      0.003797
      0.003771
      0.003752
      0.003742
      0.003747
      0.003769
      0.003810
      0.003873
      0.003957
      0.004064
      0.004191
      0.004336
      0.004498
      0.004671
      0.004853
      0.005038
      0.005222
      0.005399
      0.005565
      0.005714
      0.005843
      0.005948
      0.006025
      0.006072
      0.006088
