     92.307676
     91.570410
     89.388613
     85.852266
     81.105508
     75.336929
     68.770898
     61.653311
     54.239590
     46.779741
     39.506399
     32.625088
     26.304255
     20.670261
     15.804824
     11.744675
      8.484897
      5.983826
      4.169927
      2.950078
      2.217880
      1.861962
      1.773602
      1.853038
      2.014343
      2.188575
      2.325255
      2.392271
      2.374410
      2.270869
      2.092054
      1.856073
      1.585203
      1.302695
      1.030082
      0.785152
      0.580694
      0.423940
      0.316679
      0.255905
      0.234851
      0.244236
      0.273575
      0.312409
      0.351338
      0.382797
      0.401520
      0.404702
      0.391889
      0.364643
      0.326052
      0.280155
      0.231360
      0.183908
      0.141432
      0.106645
      0.081175
      0.065524
      0.059167
      0.060729
      0.068243
      0.079419
      0.091926
      0.103634
      0.112805
      0.118223
      0.119253
      0.115834
      0.108411
      0.097832
      0.085210
      0.071775
      0.058735
      0.047153
      0.037848
      0.031341
      0.027829
      0.027194
      0.029046
      0.032788
      0.037694
      0.042990
      0.047940
      0.051912
      0.054434
      0.055225
      0.054212
      0.051518
      0.047435
      0.042383
      0.036862
      0.031391
      0.026459
      0.022479
      0.019748
      0.018426
      0.018526
      0.019923
      0.022370
      0.025531
      0.029017
      0.032427
      0.035386
      0.037586
      0.038807
      0.038936
      0.037977
      0.036041
      0.033332
      0.030120
      0.026716
      0.023434
      0.020561
      0.018331
      0.016901
      0.016342
      0.016634
      0.017674
      0.019288
      0.021260
      0.023350
      0.025327
      0.026989
      0.028187
      0.028841
      0.028939
      0.028542
      0.027768
      0.026779
      0.025756
      0.024876
      0.024290
      0.024103
      0.024357
      0.025028
      0.026024
      0.027198
      0.028360
      0.029300
      0.029816
      0.029732
      0.028927
      0.027345
      0.025013
      0.022037
      0.018595
      0.014925
      0.011304
      0.008017
      0.005334
      0.003482
      0.002623
      0.002833
      0.004099
      0.006316
      0.009298
      0.012794
      0.016512
      0.020147
      0.023406
      0.026041
      0.027864
      0.028768
      0.028733
      0.027822
      0.026173
      0.023984
      0.021488
      0.018927
      0.016531
      0.014492
      0.012947
      0.011965
      0.011549
      0.011636
      0.012109
      0.012818
      0.013596
      0.014286
      0.014757
      0.014923
