      3.278643
      3.272128
      3.252648
      3.220411
      3.175762
      3.119163
      3.051207
      2.972594
      2.884129
      2.786705
      2.681283
      2.568895
      2.450614
      2.327538
      2.200786
      2.071472
      1.940697
      1.809533
      1.679000
      1.550070
      1.423652
      1.300570
      1.181575
      1.067323
      0.958380
      0.855215
      0.758205
      0.667626
      0.583666
      0.506421
      0.435904
      0.372048
      0.314715
      0.263704
      0.218756
      0.179565
      0.145786
      0.117042
      0.092935
      0.073053
      0.056974
      0.044281
      0.034558
      0.027406
      0.022441
      0.019300
      0.017646
      0.017168
      0.017585
      0.018646
      0.020130
      0.021847
      0.023637
      0.025370
      0.026939
      0.028266
      0.029295
      0.029990
      0.030332
      0.030321
      0.029968
      0.029293
      0.028329
      0.027111
      0.025681
      0.024081
      0.022357
      0.020551
      0.018705
      0.016858
      0.015046
      0.013299
      0.011645
      0.010106
      0.008698
      0.007435
      0.006325
      0.005372
      0.004576
      0.003933
      0.003438
      0.003080
      0.002850
      0.002735
      0.002720
      0.002791
      0.002933
      0.003132
      0.003373
      0.003642
      0.003926
      0.004213
      0.004493
      0.004756
      0.004994
      0.005201
      0.005371
      0.005501
      0.005588
      0.005631
      0.005630
      0.005586
      0.005501
      0.005378
      0.005221
      0.005033
      0.004818
      0.004582
      0.004328
      0.004063
      0.003791
      0.003517
      0.003244
      0.002977
      0.002721
      0.002478
      0.002251
      0.002043
      0.001855
      0.001690
      0.001547
      0.001429
      0.001334
      0.001264
      0.001215
      0.001189
      0.001184
      0.001197
      0.001228
      0.001274
      0.001334
      0.001406
      0.001487
      0.001577
      0.001672
      0.001771
      0.001873
      0.001976
      0.002080
      0.002183
      0.002284
      0.002383
      0.002479
      0.002573
      0.002665
      0.002754
      0.002841
      0.002927
      0.003013
      0.003098
      0.003184
      0.003272
      0.003362
      0.003455
      0.003551
      0.003652
      0.003757
      0.003867
      0.003982
      0.004102
      0.004226
      0.004355
      0.004487
      0.004623
      0.004760
      0.004899
      0.005037
      0.005174
      0.005309
      0.005440
      0.005565
      0.005684
      0.005794
      0.005895
      0.005985
      0.006063
      0.006129
      0.006181
      0.006218
      0.006241
      0.006249
