      6.326018
      6.310062
      6.262400
      6.183668
      6.074926
      5.937589
      5.773462
      5.584658
      5.373593
      5.142916
      4.895445
      4.634169
      4.362140
      4.082437
      3.798130
      3.512200
      3.227521
      2.946800
      2.672527
      2.406974
      2.152152
      1.909783
      1.681302
      1.467840
      1.270233
      1.089024
      0.924472
      0.776570
      0.645068
      0.529499
      0.429201
      0.343349
      0.270985
      0.211046
      0.162400
      0.123867
      0.094252
      0.072367
      0.057057
      0.047213
      0.041796
      0.039844
      0.040486
      0.042945
      0.046545
      0.050713
      0.054974
      0.058947
      0.062344
      0.064959
      0.066662
      0.067389
      0.067131
      0.065927
      0.063854
      0.061017
      0.057540
      0.053559
      0.049216
      0.044650
      0.039994
      0.035370
      0.030890
      0.026644
      0.022711
      0.019147
      0.015995
      0.013278
      0.011005
      0.009171
      0.007758
      0.006739
      0.006077
      0.005731
      0.005657
      0.005805
      0.006128
      0.006580
      0.007116
      0.007696
      0.008282
      0.008844
      0.009355
      0.009794
      0.010145
      0.010397
      0.010545
      0.010587
      0.010525
      0.010364
      0.010112
      0.009780
      0.009380
      0.008923
      0.008422
      0.007892
      0.007345
      0.006792
      0.006245
      0.005714
      0.005207
      0.004733
      0.004297
      0.003904
      0.003557
      0.003260
      0.003012
      0.002814
      0.002666
      0.002566
      0.002513
      0.002503
      0.002535
      0.002604
      0.002709
      0.002844
      0.003008
      0.003196
      0.003406
      0.003632
      0.003873
      0.004125
      0.004384
      0.004646
      0.004910
      0.005170
      0.005424
      0.005668
      0.005900
      0.006116
      0.006312
      0.006486
      0.006635
      0.006757
      0.006848
      0.006907
      0.006933
      0.006923
      0.006878
      0.006796
      0.006679
      0.006526
      0.006339
      0.006120
      0.005871
      0.005596
      0.005297
      0.004978
      0.004644
      0.004299
      0.003948
      0.003595
      0.003245
      0.002903
      0.002573
      0.002260
      0.001967
      0.001698
      0.001455
      0.001241
      0.001058
      0.000906
      0.000786
      0.000697
      0.000639
      0.000610
      0.000606
      0.000627
      0.000668
      0.000726
      0.000797
      0.000876
      0.000961
      0.001047
      0.001131
      0.001208
      0.001275
      0.001331
      0.001372
      0.001398
      0.001406
