     26.969443
     26.849888
     26.493931
     25.909839
     25.111077
     24.115679
     22.945972
     21.627559
     20.188751
     18.659453
     17.070234
     15.451703
     13.833290
     12.242590
     10.704734
      9.241659
      7.871799
      6.609728
      5.465967
      4.447112
      3.555929
      2.791557
      2.149971
      1.624383
      1.205769
      0.883415
      0.645460
      0.479431
      0.372751
      0.313186
      0.289222
      0.290383
      0.307449
      0.332617
      0.359564
      0.383450
      0.400857
      0.409672
      0.408936
      0.398655
      0.379612
      0.353153
      0.321001
      0.285067
      0.247293
      0.209517
      0.173370
      0.140200
      0.111023
      0.086513
      0.067003
      0.052509
      0.042776
      0.037328
      0.035526
      0.036625
      0.039835
      0.044373
      0.049505
      0.054581
      0.059066
      0.062548
      0.064750
      0.065524
      0.064842
      0.062781
      0.059501
      0.055226
      0.050222
      0.044772
      0.039158
      0.033645
      0.028464
      0.023806
      0.019812
      0.016576
      0.014139
      0.012496
      0.011604
      0.011382
      0.011729
      0.012525
      0.013642
      0.014951
      0.016331
      0.017671
      0.018878
      0.019877
      0.020611
      0.021047
      0.021170
      0.020981
      0.020500
      0.019756
      0.018790
      0.017649
      0.016385
      0.015049
      0.013693
      0.012365
      0.011108
      0.009961
      0.008956
      0.008118
      0.007467
      0.007013
      0.006762
      0.006713
      0.006859
      0.007188
      0.007682
      0.008321
      0.009077
      0.009922
      0.010826
      0.011753
      0.012671
      0.013545
      0.014340
      0.015025
      0.015572
      0.015956
      0.016156
      0.016159
      0.015958
      0.015552
      0.014948
      0.014161
      0.013213
      0.012133
      0.010954
      0.009714
      0.008456
      0.007223
      0.006057
      0.005000
      0.004089
      0.003356
      0.002826
      0.002517
      0.002438
      0.002588
      0.002959
      0.003532
      0.004281
      0.005172
      0.006168
      0.007227
      0.008303
      0.009352
      0.010331
      0.011203
      0.011932
      0.012491
      0.012862
      0.013031
      0.012997
      0.012764
      0.012346
      0.011761
      0.011036
      0.010200
      0.009285
      0.008324
      0.007350
      0.006393
      0.005481
      0.004635
      0.003874
      0.003208
      0.002645
      0.002183
      0.001818
      0.001543
      0.001344
      0.001209
      0.001123
      0.001073
      0.001046
      0.001035
      0.001031
