     17.153628
     17.090398
     16.901895
     16.591760
     16.165986
     15.632584
     15.001599
     14.284634
     13.494692
     12.645720
     11.752217
     10.829036
      9.890820
      8.951748
      8.025232
      7.123569
      6.257770
      5.437323
      4.670033
      3.962019
      3.317650
      2.739529
      2.228642
      1.784417
      1.404910
      1.086982
      0.826490
      0.618512
      0.457563
      0.337810
      0.253272
      0.198016
      0.166314
      0.152787
      0.152520
      0.161144
      0.174896
      0.190641
      0.205883
      0.218738
      0.227902
      0.232593
      0.232488
      0.227646
      0.218437
      0.205460
      0.189472
      0.171316
      0.151861
      0.131953
      0.112367
      0.093777
      0.076736
      0.061659
      0.048824
      0.038372
      0.030319
      0.024574
      0.020950
      0.019192
      0.018995
      0.020026
      0.021942
      0.024411
      0.027123
      0.029802
      0.032219
      0.034193
      0.035593
      0.036341
      0.036406
      0.035801
      0.034575
      0.032808
      0.030601
      0.028068
      0.025332
      0.022513
      0.019725
      0.017072
      0.014641
      0.012500
      0.010699
      0.009268
      0.008215
      0.007534
      0.007200
      0.007177
      0.007417
      0.007868
      0.008471
      0.009168
      0.009904
      0.010626
      0.011288
      0.011853
      0.012292
      0.012584
      0.012718
      0.012691
      0.012510
      0.012187
      0.011740
      0.011192
      0.010566
      0.009891
      0.009191
      0.008494
      0.007822
      0.007194
      0.006628
      0.006135
      0.005724
      0.005398
      0.005159
      0.005002
      0.004922
      0.004910
      0.004957
      0.005052
      0.005185
      0.005345
      0.005524
      0.005714
      0.005909
      0.006106
      0.006302
      0.006497
      0.006692
      0.006891
      0.007096
      0.007312
      0.007543
      0.007791
      0.008058
      0.008346
      0.008654
      0.008980
      0.009317
      0.009662
      0.010004
      0.010334
      0.010642
      0.010917
      0.011145
      0.011316
      0.011420
      0.011446
      0.011387
      0.011239
      0.010998
      0.010664
      0.010240
      0.009733
      0.009150
      0.008502
      0.007803
      0.007067
      0.006309
      0.005547
      0.004796
      0.004071
      0.003388
      0.002758
      0.002191
      0.001697
      0.001278
      0.000938
      0.000675
      0.000486
      0.000365
      0.000304
      0.000292
      0.000318
      0.000372
      0.000442
      0.000515
      0.000584
      0.000639
      0.000675
      0.000687
