    139.536285
    139.329468
    138.710449
    137.684280
    136.259338
    134.446640
    132.260773
    129.718719
    126.840378
    123.647995
    120.165657
    116.419693
    112.437744
    108.248611
    103.882248
     99.368896
     94.739258
     90.024002
     85.253143
     80.456253
     75.662003
     70.897659
     66.189240
     61.560959
     57.035332
     52.632851
     48.371975
     44.268906
     40.337662
     36.590057
     33.035553
     29.681532
     26.533064
     23.593243
     20.863123
     18.341919
     16.027115
     13.914617
     11.998894
     10.273161
      8.729568
      7.359296
      6.152803
      5.099957
      4.190199
      3.412690
      2.756469
      2.210570
      1.764158
      1.406640
      1.127742
      0.917616
      0.766900
      0.666777
      0.609021
      0.586030
      0.590845
      0.617166
      0.659348
      0.712394
      0.771941
      0.834236
      0.896106
      0.954930
      1.008594
      1.055458
      1.094312
      1.124331
      1.145036
      1.156251
      1.158055
      1.150753
      1.134829
      1.110911
      1.079743
      1.042151
      0.999013
      0.951240
      0.899749
      0.845448
      0.789218
      0.731898
      0.674279
      0.617092
      0.561002
      0.506604
      0.454422
      0.404905
      0.358431
      0.315306
      0.275766
      0.239983
      0.208067
      0.180070
      0.155992
      0.135785
      0.119360
      0.106588
      0.097308
      0.091332
      0.088449
      0.088430
      0.091028
      0.095990
      0.103053
      0.111953
      0.122423
      0.134200
      0.147025
      0.160648
      0.174824
      0.189322
      0.203923
      0.218420
      0.232620
      0.246347
      0.259441
      0.271756
      0.283165
      0.293557
      0.302839
      0.310932
      0.317776
      0.323327
      0.327558
      0.330454
      0.332018
      0.332264
      0.331223
      0.328935
      0.325453
      0.320839
      0.315167
      0.308517
      0.300976
      0.292639
      0.283604
      0.273973
      0.263852
      0.253346
      0.242561
      0.231603
      0.220575
      0.209577
      0.198705
      0.188051
      0.177698
      0.167726
      0.158207
      0.149203
      0.140771
      0.132956
      0.125795
      0.119318
      0.113544
      0.108482
      0.104133
      0.100491
      0.097539
      0.095252
      0.093600
      0.092546
      0.092044
      0.092045
      0.092496
      0.093340
      0.094517
      0.095964
      0.097620
      0.099422
      0.101308
      0.103219
      0.105099
      0.106893
      0.108554
      0.110037
      0.111305
      0.112325
      0.113072
      0.113527
      0.113680
