    157.819946
    157.576141
    156.846466
    155.637238
    153.958527
    151.824036
    149.251465
    146.261642
    142.878922
    139.130463
    135.045593
    130.656372
    125.996414
    121.100662
    116.005310
    110.746941
    105.362473
     99.888748
     94.361626
     88.816360
     83.287010
     77.805733
     72.403084
     67.107315
     61.944447
     56.938099
     52.109146
     47.475784
     43.053452
     38.854877
     34.889915
     31.165878
     27.687332
     24.456451
     21.472996
     18.734543
     16.236706
     13.973245
     11.936316
     10.116673
      8.503918
      7.086623
      5.852633
      4.789227
      3.883319
      3.121639
      2.490911
      1.977994
      1.570042
      1.254619
      1.019802
      0.854274
      0.747402
      0.689285
      0.670807
      0.683650
      0.720316
      0.774121
      0.839188
      0.910420
      0.983475
      1.054721
      1.121199
      1.180572
      1.231069
      1.271441
      1.300895
      1.319046
      1.325860
      1.321603
      1.306787
      1.282127
      1.248495
      1.206877
      1.158338
      1.103989
      1.044956
      0.982356
      0.917276
      0.850753
      0.783760
      0.717196
      0.651878
      0.588532
      0.527794
      0.470209
      0.416225
      0.366204
      0.320421
      0.279069
      0.242265
      0.210057
      0.182426
      0.159301
      0.140557
      0.126025
      0.115501
      0.108748
      0.105506
      0.105494
      0.108417
      0.113971
      0.121846
      0.131731
      0.143318
      0.156303
      0.170389
      0.185293
      0.200741
      0.216473
      0.232246
      0.247831
      0.263017
      0.277611
      0.291440
      0.304346
      0.316191
      0.326857
      0.336244
      0.344268
      0.350866
      0.355992
      0.359615
      0.361722
      0.362317
      0.361416
      0.359051
      0.355269
      0.350127
      0.343695
      0.336054
      0.327292
      0.317508
      0.306808
      0.295303
      0.283109
      0.270346
      0.257138
      0.243606
      0.229875
      0.216067
      0.202302
      0.188696
      0.175360
      0.162400
      0.149915
      0.137995
      0.126725
      0.116177
      0.106414
      0.097491
      0.089450
      0.082322
      0.076128
      0.070877
      0.066569
      0.063189
      0.060716
      0.059115
      0.058346
      0.058356
      0.059087
      0.060473
      0.062442
      0.064915
      0.067813
      0.071051
      0.074544
      0.078206
      0.081950
      0.085694
      0.089356
      0.092861
      0.096136
      0.099115
      0.101741
      0.103961
      0.105733
      0.107024
      0.107808
      0.108071
