    232.422852
    232.013031
    230.786896
    228.756226
    225.940506
    222.365692
    218.065369
    213.079071
    207.452545
    201.236847
    194.486908
    187.262299
    179.625183
    171.639679
    163.371765
    154.887482
    146.252960
    137.533264
    128.791153
    120.087311
    111.479553
    103.021439
     94.762726
     86.748444
     79.018753
     71.608856
     64.548477
     57.862076
     51.568752
     45.682449
     40.211922
     35.161228
     30.529671
     26.312466
     22.500904
     19.082771
     16.042889
     13.363436
     11.024429
      9.004177
      7.279741
      5.827257
      4.622428
      3.640856
      2.858374
      2.251357
      1.796997
      1.473515
      1.260372
      1.138416
      1.089993
      1.099034
      1.151097
      1.233389
      1.334747
      1.445602
      1.557923
      1.665126
      1.761997
      1.844575
      1.910035
      1.956577
      1.983297
      1.990069
      1.977413
      1.946395
      1.898498
      1.835535
      1.759539
      1.672686
      1.577215
      1.475360
      1.369297
      1.261091
      1.152660
      1.045749
      0.941906
      0.842469
      0.748559
      0.661083
      0.580731
      0.507994
      0.443170
      0.386382
      0.337595
      0.296632
      0.263199
      0.236896
      0.217247
      0.203710
      0.195696
      0.192591
      0.193765
      0.198588
      0.206440
      0.216725
      0.228875
      0.242358
      0.256686
      0.271413
      0.286142
      0.300526
      0.314265
      0.327105
      0.338840
      0.349308
      0.358384
      0.365984
      0.372053
      0.376570
      0.379536
      0.380978
      0.380938
      0.379476
      0.376663
      0.372578
      0.367309
      0.360947
      0.353585
      0.345318
      0.336241
      0.326447
      0.316026
      0.305068
      0.293659
      0.281883
      0.269821
      0.257553
      0.245157
      0.232707
      0.220282
      0.207953
      0.195798
      0.183889
      0.172304
      0.161116
      0.150401
      0.140236
      0.130697
      0.121858
      0.113794
      0.106578
      0.100279
      0.094964
      0.090696
      0.087530
      0.085519
      0.084704
      0.085121
      0.086796
      0.089744
      0.093970
      0.099465
      0.106210
      0.114172
      0.123306
      0.133554
      0.144844
      0.157090
      0.170198
      0.184060
      0.198556
      0.213559
      0.228933
      0.244534
      0.260215
      0.275823
      0.291204
      0.306205
      0.320671
      0.334457
      0.347417
      0.359415
      0.370326
      0.380032
      0.388430
      0.395428
      0.400952
      0.404942
      0.407353
      0.408159
