     71.252856
     70.758135
     69.291499
     66.905713
     63.685830
     59.743867
     55.214570
     50.247700
     45.001670
     39.635271
     34.300688
     29.137939
     24.268359
     19.790969
     15.779934
     12.283026
      9.322290
      6.895507
      4.978964
      3.531390
      2.498108
      1.815573
      1.415986
      1.231458
      1.197715
      1.257058
      1.360511
      1.469137
      1.554487
      1.598336
      1.591764
      1.533780
      1.429613
      1.288888
      1.123786
      0.947362
      0.772121
      0.608891
      0.466068
      0.349205
      0.260937
      0.201180
      0.167551
      0.155929
      0.161084
      0.177316
      0.199028
      0.221211
      0.239796
      0.251867
      0.255742
      0.250921
      0.237940
      0.218155
      0.193471
      0.166080
      0.138196
      0.111836
      0.088653
      0.069824
      0.056000
      0.047317
      0.043445
      0.043684
      0.047074
      0.052516
      0.058891
      0.065159
      0.070448
      0.074102
      0.075718
      0.075143
      0.072456
      0.067932
      0.061988
      0.055135
      0.047913
      0.040847
      0.034400
      0.028942
      0.024732
      0.021903
      0.020474
      0.020351
      0.021355
      0.023240
      0.025719
      0.028490
      0.031258
      0.033756
      0.035763
      0.037109
      0.037688
      0.037457
      0.036434
      0.034692
      0.032355
      0.029582
      0.026556
      0.023476
      0.020541
      0.017936
      0.015826
      0.014340
      0.013567
      0.013550
      0.014281
      0.015704
      0.017715
      0.020170
      0.022894
      0.025690
      0.028355
      0.030690
      0.032518
      0.033694
      0.034115
      0.033729
      0.032543
      0.030619
      0.028070
      0.025059
      0.021778
      0.018445
      0.015279
      0.012489
      0.010256
      0.008723
      0.007977
      0.008051
      0.008915
      0.010483
      0.012614
      0.015132
      0.017832
      0.020501
      0.022931
      0.024939
      0.026381
      0.027160
      0.027232
      0.026616
      0.025381
      0.023647
      0.021569
      0.019326
      0.017107
      0.015089
      0.013428
      0.012245
      0.011616
      0.011566
      0.012073
      0.013064
      0.014431
      0.016035
      0.017724
      0.019344
      0.020756
      0.021843
      0.022525
      0.022763
      0.022560
      0.021960
      0.021044
      0.019917
      0.018703
      0.017525
      0.016502
      0.015729
      0.015273
      0.015167
      0.015408
      0.015953
      0.016734
      0.017656
      0.018612
      0.019495
      0.020206
      0.020666
      0.020825
