     12.082577
     12.043782
     11.928030
     11.737285
     11.474769
     11.144812
     10.752864
     10.305269
      9.809178
      9.272343
      8.702896
      8.109287
      7.499969
      6.883276
      6.267260
      5.659500
      5.067000
      4.496052
      3.952112
      3.439792
      2.962791
      2.523849
      2.124800
      1.766571
      1.449250
      1.172153
      0.933904
      0.732530
      0.565570
      0.430181
      0.323239
      0.241454
      0.181462
      0.139918
      0.113580
      0.099377
      0.094467
      0.096279
      0.102547
      0.111328
      0.121007
      0.130294
      0.138211
      0.144070
      0.147444
      0.148138
      0.146151
      0.141641
      0.134889
      0.126263
      0.116186
      0.105104
      0.093466
      0.081697
      0.070182
      0.059256
      0.049193
      0.040201
      0.032424
      0.025941
      0.020773
      0.016887
      0.014205
      0.012615
      0.011976
      0.012130
      0.012910
      0.014148
      0.015679
      0.017353
      0.019033
      0.020604
      0.021968
      0.023055
      0.023812
      0.024212
      0.024244
      0.023918
      0.023257
      0.022296
      0.021081
      0.019664
      0.018099
      0.016444
      0.014753
      0.013077
      0.011466
      0.009959
      0.008592
      0.007392
      0.006378
      0.005563
      0.004953
      0.004544
      0.004331
      0.004301
      0.004436
      0.004716
      0.005117
      0.005616
      0.006185
      0.006800
      0.007434
      0.008063
      0.008664
      0.009218
      0.009705
      0.010111
      0.010422
      0.010631
      0.010731
      0.010719
      0.010596
      0.010365
      0.010032
      0.009605
      0.009097
      0.008519
      0.007886
      0.007215
      0.006521
      0.005823
      0.005136
      0.004479
      0.003866
      0.003312
      0.002830
      0.002432
      0.002126
      0.001919
      0.001815
      0.001814
      0.001917
      0.002119
      0.002413
      0.002791
      0.003241
      0.003753
      0.004311
      0.004901
      0.005507
      0.006114
      0.006707
      0.007270
      0.007791
      0.008257
      0.008658
      0.008986
      0.009234
      0.009399
      0.009479
      0.009476
      0.009391
      0.009231
      0.009001
      0.008711
      0.008370
      0.007988
      0.007577
      0.007147
      0.006710
      0.006276
      0.005853
      0.005452
      0.005078
      0.004736
      0.004432
      0.004168
      0.003943
      0.003758
      0.003610
      0.003497
      0.003414
      0.003357
      0.003320
      0.003300
      0.003291
      0.003289
      0.003290
      0.003292
      0.003293
