      3.774181
      3.766299
      3.742735
      3.703752
      3.649790
      3.581431
      3.499429
      3.404667
      3.298162
      3.181039
      3.054505
      2.919855
      2.778431
      2.631602
      2.480757
      2.327272
      2.172505
      2.017764
      1.864292
      1.713261
      1.565759
      1.422763
      1.285150
      1.153675
      1.028977
      0.911573
      0.801856
      0.700102
      0.606467
      0.521002
      0.443651
      0.374269
      0.312619
      0.258397
      0.211232
      0.170700
      0.136336
      0.107647
      0.084119
      0.065226
      0.050445
      0.039260
      0.031169
      0.025694
      0.022383
      0.020817
      0.020612
      0.021422
      0.022939
      0.024896
      0.027063
      0.029250
      0.031303
      0.033102
      0.034558
      0.035613
      0.036232
      0.036402
      0.036132
      0.035443
      0.034372
      0.032962
      0.031265
      0.029336
      0.027232
      0.025010
      0.022725
      0.020429
      0.018169
      0.015986
      0.013918
      0.011993
      0.010235
      0.008662
      0.007285
      0.006109
      0.005135
      0.004358
      0.003770
      0.003360
      0.003112
      0.003009
      0.003035
      0.003168
      0.003389
      0.003680
      0.004020
      0.004391
      0.004777
      0.005162
      0.005531
      0.005874
      0.006178
      0.006437
      0.006644
      0.006794
      0.006885
      0.006915
      0.006885
      0.006797
      0.006654
      0.006461
      0.006221
      0.005942
      0.005629
      0.005289
      0.004929
      0.004557
      0.004178
      0.003799
      0.003427
      0.003068
      0.002727
      0.002409
      0.002118
      0.001858
      0.001630
      0.001438
      0.001283
      0.001164
      0.001084
      0.001039
      0.001031
      0.001055
      0.001112
      0.001197
      0.001308
      0.001442
      0.001594
      0.001763
      0.001943
      0.002132
      0.002326
      0.002522
      0.002717
      0.002907
      0.003090
      0.003264
      0.003427
      0.003577
      0.003714
      0.003836
      0.003943
      0.004035
      0.004112
      0.004176
      0.004226
      0.004265
      0.004293
      0.004311
      0.004323
      0.004328
      0.004330
      0.004330
      0.004329
      0.004329
      0.004332
      0.004338
      0.004349
      0.004366
      0.004389
      0.004418
      0.004455
      0.004498
      0.004547
      0.004602
      0.004661
      0.004725
      0.004791
      0.004859
      0.004927
      0.004993
      0.005058
      0.005118
      0.005174
      0.005223
      0.005264
      0.005298
      0.005322
      0.005337
      0.005342
