     97.609787
     97.481255
     97.096481
     96.458275
     95.571304
     94.441681
     93.077576
     91.488464
     89.685501
     87.681244
     85.489212
     83.124390
     80.602493
     77.939957
     75.154037
     72.262230
     69.282440
     66.232689
     63.130745
     59.994316
     56.840729
     53.686676
     50.548317
     47.440895
     44.378860
     41.375648
     38.443626
     35.594025
     32.836864
     30.181004
     27.634024
     25.202297
     22.890907
     20.703793
     18.643673
     16.712135
     14.909718
     13.235918
     11.689310
     10.267590
      8.967699
      7.785841
      6.717637
      5.758176
      4.902115
      4.143756
      3.477145
      2.896126
      2.394445
      1.965810
      1.603944
      1.302665
      1.055926
      0.857869
      0.702866
      0.585548
      0.500840
      0.443983
      0.410544
      0.396437
      0.397920
      0.411605
      0.434446
      0.463741
      0.497115
      0.532512
      0.568176
      0.602638
      0.634691
      0.663376
      0.687959
      0.707909
      0.722878
      0.732681
      0.737273
      0.736733
      0.731240
      0.721061
      0.706532
      0.688042
      0.666017
      0.640912
      0.613198
      0.583348
      0.551834
      0.519115
      0.485632
      0.451804
      0.418023
      0.384649
      0.352010
      0.320399
      0.290074
      0.261257
      0.234134
      0.208858
      0.185548
      0.164290
      0.145142
      0.128134
      0.113266
      0.100520
      0.089854
      0.081206
      0.074499
      0.069642
      0.066530
      0.065051
      0.065084
      0.066500
      0.069169
      0.072959
      0.077736
      0.083366
      0.089721
      0.096672
      0.104099
      0.111884
      0.119917
      0.128094
      0.136321
      0.144508
      0.152578
      0.160458
      0.168088
      0.175414
      0.182391
      0.188983
      0.195162
      0.200908
      0.206209
      0.211060
      0.215463
      0.219426
      0.222961
      0.226088
      0.228829
      0.231212
      0.233266
      0.235025
      0.236523
      0.237796
      0.238880
      0.239812
      0.240629
      0.241366
      0.242057
      0.242735
      0.243428
      0.244165
      0.244968
      0.245860
      0.246858
      0.247975
      0.249223
      0.250608
      0.252132
      0.253796
      0.255595
      0.257521
      0.259564
      0.261710
      0.263943
      0.266244
      0.268593
      0.270968
      0.273345
      0.275699
      0.278007
      0.280242
      0.282381
      0.284399
      0.286274
      0.287983
      0.289508
      0.290830
      0.291933
      0.292805
      0.293436
      0.293817
      0.293945
