     20.525979
     20.444836
     20.203047
     19.805614
     19.260748
     18.579434
     17.775369
     16.864351
     15.863993
     14.793083
     13.671046
     12.517611
     11.352072
     10.192896
      9.057336
      7.960953
      6.917390
      5.938101
      5.032150
      4.206238
      3.464674
      2.809402
      2.240228
      1.754973
      1.349752
      1.019247
      0.757010
      0.555774
      0.407769
      0.305011
      0.239567
      0.203802
      0.190571
      0.193386
      0.206530
      0.225132
      0.245204
      0.263636
      0.278163
      0.287302
      0.290266
      0.286871
      0.277422
      0.262602
      0.243364
      0.220828
      0.196181
      0.170601
      0.145188
      0.120909
      0.098567
      0.078770
      0.061934
      0.048276
      0.037836
      0.030491
      0.025989
      0.023973
      0.024017
      0.025654
      0.028409
      0.031818
      0.035457
      0.038953
      0.041999
      0.044362
      0.045880
      0.046468
      0.046107
      0.044837
      0.042750
      0.039976
      0.036672
      0.033011
      0.029169
      0.025319
      0.021618
      0.018204
      0.015188
      0.012652
      0.010651
      0.009207
      0.008315
      0.007946
      0.008047
      0.008550
      0.009374
      0.010430
      0.011627
      0.012874
      0.014088
      0.015193
      0.016125
      0.016833
      0.017284
      0.017455
      0.017341
      0.016950
      0.016305
      0.015436
      0.014384
      0.013197
      0.011925
      0.010621
      0.009336
      0.008119
      0.007014
      0.006057
      0.005278
      0.004698
      0.004329
      0.004172
      0.004223
      0.004467
      0.004882
      0.005441
      0.006114
      0.006864
      0.007657
      0.008455
      0.009225
      0.009936
      0.010560
      0.011074
      0.011464
      0.011718
      0.011833
      0.011811
      0.011659
      0.011392
      0.011026
      0.010581
      0.010081
      0.009549
      0.009008
      0.008480
      0.007986
      0.007541
      0.007160
      0.006851
      0.006617
      0.006460
      0.006373
      0.006350
      0.006377
      0.006442
      0.006528
      0.006619
      0.006697
      0.006748
      0.006757
      0.006714
      0.006611
      0.006442
      0.006208
      0.005910
      0.005555
      0.005152
      0.004714
      0.004255
      0.003789
      0.003333
      0.002902
      0.002509
      0.002168
      0.001887
      0.001674
      0.001533
      0.001463
      0.001461
      0.001521
      0.001634
      0.001788
      0.001969
      0.002165
      0.002360
      0.002542
      0.002697
      0.002816
      0.002891
      0.002916
