     24.570093
     24.465457
     24.153809
     23.642107
     22.941714
     22.067827
     21.039321
     19.877880
     18.607551
     17.253829
     15.842881
     14.401038
     12.953782
     11.525181
     10.137366
      8.809879
      7.559430
      6.399531
      5.340306
      4.388584
      3.547910
      2.818701
      2.198588
      1.682715
      1.264172
      0.934422
      0.683749
      0.501710
      0.377561
      0.300654
      0.260770
      0.248415
      0.255041
      0.273208
      0.296681
      0.320468
      0.340797
      0.355060
      0.361697
      0.360074
      0.350322
      0.333183
      0.309837
      0.281752
      0.250535
      0.217808
      0.185102
      0.153772
      0.124940
      0.099464
      0.077915
      0.060590
      0.047525
      0.038535
      0.033247
      0.031151
      0.031644
      0.034078
      0.037800
      0.042191
      0.046691
      0.050829
      0.054227
      0.056618
      0.057837
      0.057820
      0.056593
      0.054256
      0.050971
      0.046939
      0.042387
      0.037551
      0.032661
      0.027927
      0.023533
      0.019627
      0.016319
      0.013679
      0.011734
      0.010480
      0.009875
      0.009855
      0.010332
      0.011206
      0.012366
      0.013703
      0.015108
      0.016483
      0.017741
      0.018808
      0.019627
      0.020158
      0.020380
      0.020285
      0.019883
      0.019197
      0.018259
      0.017114
      0.015811
      0.014404
      0.012948
      0.011500
      0.010111
      0.008832
      0.007704
      0.006765
      0.006043
      0.005556
      0.005315
      0.005321
      0.005566
      0.006035
      0.006701
      0.007535
      0.008499
      0.009552
      0.010651
      0.011750
      0.012805
      0.013771
      0.014611
      0.015290
      0.015780
      0.016060
      0.016116
      0.015945
      0.015552
      0.014947
      0.014153
      0.013196
      0.012110
      0.010933
      0.009706
      0.008472
      0.007272
      0.006147
      0.005132
      0.004260
      0.003554
      0.003032
      0.002704
      0.002573
      0.002630
      0.002863
      0.003251
      0.003766
      0.004380
      0.005056
      0.005761
      0.006459
      0.007117
      0.007704
      0.008194
      0.008567
      0.008809
      0.008912
      0.008874
      0.008701
      0.008403
      0.007996
      0.007501
      0.006940
      0.006337
      0.005718
      0.005105
      0.004520
      0.003982
      0.003505
      0.003099
      0.002771
      0.002520
      0.002344
      0.002236
      0.002185
      0.002179
      0.002205
      0.002249
      0.002298
      0.002342
      0.002372
      0.002382
