     35.962830
     35.782593
     35.246462
     34.368459
     33.171362
     31.685576
     29.948462
     28.002593
     25.894580
     23.673098
     21.387241
     19.085286
     16.812705
     14.611040
     12.516869
     10.560746
      8.766785
      7.152283
      5.727637
      4.496775
      3.457552
      2.602392
      1.919227
      1.392383
      1.003599
      0.733030
      0.560189
      0.464835
      0.427730
      0.431267
      0.459938
      0.500656
      0.542911
      0.578800
      0.602914
      0.612130
      0.605321
      0.583009
      0.546993
      0.499965
      0.445151
      0.385972
      0.325765
      0.267554
      0.213875
      0.166674
      0.127250
      0.096262
      0.073767
      0.059303
      0.051988
      0.050634
      0.053872
      0.060260
      0.068389
      0.076972
      0.084907
      0.091324
      0.095612
      0.097417
      0.096632
      0.093371
      0.087924
      0.080718
      0.072265
      0.063117
      0.053822
      0.044885
      0.036737
      0.029719
      0.024063
      0.019892
      0.017222
      0.015974
      0.015988
      0.017041
      0.018871
      0.021196
      0.023734
      0.026221
      0.028426
      0.030165
      0.031303
      0.031760
      0.031513
      0.030589
      0.029060
      0.027031
      0.024638
      0.022028
      0.019354
      0.016764
      0.014391
      0.012347
      0.010716
      0.009553
      0.008882
      0.008696
      0.008959
      0.009612
      0.010575
      0.011758
      0.013062
      0.014387
      0.015640
      0.016737
      0.017610
      0.018208
      0.018500
      0.018474
      0.018141
      0.017526
      0.016672
      0.015632
      0.014468
      0.013245
      0.012028
      0.010876
      0.009841
      0.008965
      0.008277
      0.007792
      0.007513
      0.007429
      0.007517
      0.007749
      0.008086
      0.008489
      0.008918
      0.009335
      0.009709
      0.010016
      0.010240
      0.010375
      0.010427
      0.010409
      0.010341
      0.010253
      0.010174
      0.010136
      0.010170
      0.010303
      0.010554
      0.010934
      0.011446
      0.012082
      0.012823
      0.013643
      0.014507
      0.015373
      0.016198
      0.016936
      0.017544
      0.017984
      0.018223
      0.018238
      0.018018
      0.017561
      0.016878
      0.015988
      0.014923
      0.013720
      0.012425
      0.011083
      0.009743
      0.008449
      0.007243
      0.006157
      0.005217
      0.004439
      0.003829
      0.003384
      0.003089
      0.002926
      0.002869
      0.002889
      0.002957
      0.003044
      0.003125
      0.003182
      0.003203
