     64.585254
     64.159541
     62.896704
     60.839917
     58.058833
     54.645454
     50.710889
     46.379189
     41.782422
     37.054021
     32.323115
     27.710117
     23.321145
     19.244951
     15.550576
     12.285669
      9.476707
      7.129736
      5.232239
      3.756021
      2.660322
      1.895325
      1.405886
      1.134967
      1.026833
      1.029729
      1.097965
      1.193384
      1.286145
      1.354897
      1.386408
      1.374733
      1.320054
      1.227318
      1.104779
      0.962576
      0.811441
      0.661592
      0.521881
      0.399207
      0.298203
      0.221168
      0.168215
      0.137583
      0.126064
      0.129486
      0.143210
      0.162584
      0.183340
      0.201891
      0.215527
      0.222511
      0.222072
      0.214322
      0.200104
      0.180806
      0.158146
      0.133975
      0.110081
      0.088037
      0.069087
      0.054078
      0.043430
      0.037159
      0.034920
      0.036080
      0.039813
      0.045188
      0.051260
      0.057156
      0.062135
      0.065633
      0.067296
      0.066977
      0.064729
      0.060775
      0.055472
      0.049268
      0.042652
      0.036111
      0.030091
      0.024963
      0.020999
      0.018359
      0.017090
      0.017128
      0.018313
      0.020408
      0.023124
      0.026144
      0.029150
      0.031850
      0.033991
      0.035383
      0.035907
      0.035518
      0.034249
      0.032198
      0.029525
      0.026430
      0.023143
      0.019900
      0.016929
      0.014429
      0.012563
      0.011439
      0.011108
      0.011564
      0.012740
      0.014518
      0.016741
      0.019221
      0.021759
      0.024154
      0.026225
      0.027816
      0.028815
      0.029155
      0.028819
      0.027844
      0.026309
      0.024334
      0.022067
      0.019669
      0.017306
      0.015132
      0.013280
      0.011849
      0.010899
      0.010448
      0.010475
      0.010916
      0.011677
      0.012645
      0.013691
      0.014691
      0.015530
      0.016116
      0.016388
      0.016317
      0.015915
      0.015227
      0.014330
      0.013325
      0.012325
      0.011451
      0.010813
      0.010506
      0.010597
      0.011122
      0.012079
      0.013431
      0.015106
      0.017005
      0.019006
      0.020980
      0.022795
      0.024333
      0.025494
      0.026207
      0.026433
      0.026171
      0.025455
      0.024351
      0.022950
      0.021361
      0.019702
      0.018089
      0.016626
      0.015397
      0.014462
      0.013851
      0.013562
      0.013565
      0.013805
      0.014210
      0.014698
      0.015184
      0.015593
      0.015865
      0.015960
