    116.461952
    116.299385
    115.812828
    115.005951
    113.884972
    112.458191
    110.736374
    108.732193
    106.460464
    103.937859
    101.182335
     98.213692
     95.052704
     91.721054
     88.241379
     84.636650
     80.930222
     77.145546
     73.305656
     69.433395
     65.551010
     61.679829
     57.840305
     54.051693
     50.331978
     46.697845
     43.164391
     39.745193
     36.452175
     33.295658
     30.284237
     27.424919
     24.723000
     22.182243
     19.804863
     17.591597
     15.541855
     13.653748
     11.924223
     10.349176
      8.923594
      7.641600
      6.496655
      5.481647
      4.589000
      3.810805
      3.138924
      2.565088
      2.081008
      1.678461
      1.349353
      1.085817
      0.880257
      0.725414
      0.614406
      0.540764
      0.498460
      0.481929
      0.486077
      0.506288
      0.538425
      0.578815
      0.624244
      0.671939
      0.719541
      0.765088
      0.806985
      0.843978
      0.875126
      0.899766
      0.917486
      0.928099
      0.931610
      0.928185
      0.918132
      0.901870
      0.879906
      0.852817
      0.821227
      0.785789
      0.747170
      0.706037
      0.663047
      0.618834
      0.573999
      0.529110
      0.484688
      0.441208
      0.399098
      0.358733
      0.320436
      0.284479
      0.251083
      0.220421
      0.192620
      0.167761
      0.145885
      0.126996
      0.111061
      0.098016
      0.087772
      0.080213
      0.075203
      0.072587
      0.072197
      0.073853
      0.077366
      0.082543
      0.089185
      0.097093
      0.106070
      0.115922
      0.126458
      0.137496
      0.148861
      0.160385
      0.171914
      0.183302
      0.194415
      0.205132
      0.215345
      0.224958
      0.233889
      0.242069
      0.249439
      0.255959
      0.261595
      0.266328
      0.270152
      0.273069
      0.275093
      0.276247
      0.276563
      0.276082
      0.274850
      0.272920
      0.270351
      0.267207
      0.263553
      0.259460
      0.254996
      0.250235
      0.245246
      0.240101
      0.234867
      0.229611
      0.224395
      0.219279
      0.214316
      0.209556
      0.205044
      0.200818
      0.196911
      0.193350
      0.190156
      0.187343
      0.184919
      0.182887
      0.181243
      0.179979
      0.179080
      0.178528
      0.178298
      0.178366
      0.178700
      0.179267
      0.180032
      0.180960
      0.182012
      0.183151
      0.184339
      0.185541
      0.186721
      0.187847
      0.188888
      0.189818
      0.190612
      0.191251
      0.191719
      0.192005
      0.192101
