    105.286055
    104.371123
    101.666895
     97.294551
     91.447607
     84.377871
     76.382822
     67.785273
     58.916045
     50.093774
     41.608418
     33.708320
     26.588130
     20.383236
     15.168142
     10.958191
      7.715964
      5.359951
      3.775407
      2.826519
      2.368167
      2.256954
      2.360659
      2.565410
      2.780456
      2.940377
      3.004951
      2.957018
      2.798769
      2.547094
      2.228448
      1.873872
      1.514486
      1.177889
      0.885609
      0.651653
      0.482175
      0.376029
      0.326054
      0.320801
      0.346448
      0.388678
      0.434297
      0.472481
      0.495558
      0.499317
      0.482883
      0.448239
      0.399505
      0.342093
      0.281843
      0.224253
      0.173868
      0.133874
      0.105912
      0.090100
      0.085231
      0.089095
      0.098871
      0.111535
      0.124231
      0.134573
      0.140845
      0.142103
      0.138171
      0.129550
      0.117261
      0.102659
      0.087226
      0.072384
      0.059342
      0.048984
      0.041813
      0.037944
      0.037138
      0.038874
      0.042440
      0.047031
      0.051846
      0.056167
      0.059424
      0.061229
      0.061395
      0.059924
      0.056987
      0.052883
      0.047998
      0.042760
      0.037594
      0.032890
      0.028972
      0.026078
      0.024351
      0.023834
      0.024476
      0.026142
      0.028623
      0.031656
      0.034945
      0.038178
      0.041053
      0.043296
      0.044685
      0.045064
      0.044361
      0.042593
      0.039872
      0.036395
      0.032438
      0.028329
      0.024426
      0.021084
      0.018624
      0.017302
      0.017279
      0.018605
      0.021209
      0.024896
      0.029367
      0.034237
      0.039074
      0.043433
      0.046905
      0.049149
      0.049934
      0.049155
      0.046853
      0.043208
      0.038521
      0.033190
      0.027668
      0.022417
      0.017867
      0.014366
      0.012154
      0.011332
      0.011863
      0.013569
      0.016158
      0.019256
      0.022448
      0.025323
      0.027521
      0.028769
      0.028911
      0.027922
      0.025912
      0.023111
      0.019837
      0.016470
      0.013399
      0.010985
      0.009519
      0.009193
      0.010077
      0.012118
      0.015144
      0.018889
      0.023020
      0.027181
      0.031028
      0.034270
      0.036698
      0.038208
      0.038804
      0.038601
      0.037798
      0.036658
      0.035471
      0.034517
      0.034030
      0.034175
      0.035021
      0.036539
      0.038606
      0.041018
      0.043522
      0.045842
      0.047719
      0.048938
      0.049361
