      4.051510
      4.042830
      4.016886
      3.973973
      3.914586
      3.839384
      3.749215
      3.645073
      3.528104
      3.399572
      3.260833
      3.113339
      2.958591
      2.798118
      2.633474
      2.466187
      2.297763
      2.129652
      1.963223
      1.799766
      1.640466
      1.486388
      1.338476
      1.197539
      1.064251
      0.939150
      0.822633
      0.714966
      0.616283
      0.526598
      0.445812
      0.373724
      0.310040
      0.254387
      0.206324
      0.165359
      0.130954
      0.102547
      0.079556
      0.061392
      0.047473
      0.037228
      0.030108
      0.025595
      0.023201
      0.022479
      0.023022
      0.024469
      0.026502
      0.028849
      0.031280
      0.033608
      0.035687
      0.037408
      0.038693
      0.039497
      0.039801
      0.039608
      0.038939
      0.037832
      0.036335
      0.034506
      0.032405
      0.030099
      0.027650
      0.025123
      0.022576
      0.020063
      0.017633
      0.015327
      0.013179
      0.011218
      0.009463
      0.007927
      0.006617
      0.005533
      0.004670
      0.004020
      0.003568
      0.003299
      0.003192
      0.003228
      0.003384
      0.003638
      0.003968
      0.004352
      0.004770
      0.005203
      0.005633
      0.006044
      0.006424
      0.006760
      0.007044
      0.007269
      0.007430
      0.007523
      0.007549
      0.007508
      0.007401
      0.007234
      0.007010
      0.006735
      0.006417
      0.006061
      0.005677
      0.005271
      0.004852
      0.004428
      0.004005
      0.003591
      0.003192
      0.002815
      0.002466
      0.002148
      0.001865
      0.001622
      0.001419
      0.001260
      0.001143
      0.001070
      0.001040
      0.001051
      0.001101
      0.001187
      0.001307
      0.001457
      0.001633
      0.001831
      0.002046
      0.002275
      0.002513
      0.002755
      0.002998
      0.003237
      0.003470
      0.003692
      0.003900
      0.004093
      0.004268
      0.004422
      0.004556
      0.004668
      0.004758
      0.004827
      0.004874
      0.004900
      0.004908
      0.004899
      0.004874
      0.004836
      0.004787
      0.004729
      0.004664
      0.004596
      0.004526
      0.004456
      0.004389
      0.004326
      0.004269
      0.004219
      0.004177
      0.004144
      0.004120
      0.004106
      0.004102
      0.004106
      0.004119
      0.004139
      0.004166
      0.004197
      0.004233
      0.004270
      0.004309
      0.004347
      0.004384
      0.004417
      0.004445
      0.004469
      0.004486
      0.004497
      0.004500
