      5.033047
      5.021378
      4.986500
      4.928848
      4.849135
      4.748318
      4.627625
      4.488487
      4.332552
      4.161635
      3.977670
      3.782722
      3.578914
      3.368400
      3.153345
      2.935870
      2.718044
      2.501837
      2.289090
      2.081509
      1.880642
      1.687847
      1.504297
      1.330964
      1.168623
      1.017847
      0.879012
      0.752305
      0.637735
      0.535150
      0.444244
      0.364585
      0.295624
      0.236719
      0.187153
      0.146156
      0.112920
      0.086618
      0.066423
      0.051518
      0.041115
      0.034461
      0.030851
      0.029638
      0.030230
      0.032102
      0.034795
      0.037917
      0.041139
      0.044196
      0.046883
      0.049049
      0.050593
      0.051458
      0.051625
      0.051109
      0.049949
      0.048208
      0.045960
      0.043293
      0.040299
      0.037073
      0.033705
      0.030285
      0.026892
      0.023599
      0.020467
      0.017549
      0.014883
      0.012501
      0.010420
      0.008650
      0.007190
      0.006034
      0.005167
      0.004568
      0.004212
      0.004072
      0.004118
      0.004317
      0.004640
      0.005055
      0.005533
      0.006046
      0.006570
      0.007082
      0.007562
      0.007995
      0.008367
      0.008668
      0.008892
      0.009034
      0.009092
      0.009067
      0.008962
      0.008781
      0.008531
      0.008217
      0.007850
      0.007437
      0.006988
      0.006512
      0.006019
      0.005518
      0.005018
      0.004527
      0.004054
      0.003606
      0.003190
      0.002810
      0.002472
      0.002180
      0.001938
      0.001746
      0.001607
      0.001521
      0.001487
      0.001505
      0.001573
      0.001687
      0.001846
      0.002044
      0.002279
      0.002544
      0.002835
      0.003147
      0.003474
      0.003810
      0.004149
      0.004487
      0.004817
      0.005135
      0.005435
      0.005712
      0.005963
      0.006184
      0.006372
      0.006524
      0.006638
      0.006713
      0.006749
      0.006745
      0.006703
      0.006623
      0.006507
      0.006359
      0.006179
      0.005973
      0.005743
      0.005494
      0.005229
      0.004953
      0.004670
      0.004383
      0.004098
      0.003818
      0.003546
      0.003286
      0.003041
      0.002812
      0.002602
      0.002412
      0.002243
      0.002096
      0.001970
      0.001866
      0.001781
      0.001715
      0.001666
      0.001633
      0.001613
      0.001604
      0.001603
      0.001609
      0.001620
      0.001632
      0.001645
      0.001657
      0.001667
      0.001673
      0.001675
