      7.420698
      7.400867
      7.341642
      7.243862
      7.108914
      6.938656
      6.735455
      6.502068
      6.241646
      5.957632
      5.653681
      5.333650
      5.001462
      4.661056
      4.316331
      3.971054
      3.628824
      3.292996
      2.966628
      2.652465
      2.352898
      2.069928
      1.805170
      1.559838
      1.334761
      1.130388
      0.946811
      0.783786
      0.640775
      0.516975
      0.411358
      0.322712
      0.249684
      0.190817
      0.144596
      0.109477
      0.083929
      0.066462
      0.055652
      0.050164
      0.048772
      0.050371
      0.053983
      0.058769
      0.064019
      0.069161
      0.073747
      0.077446
      0.080039
      0.081400
      0.081486
      0.080328
      0.078010
      0.074660
      0.070440
      0.065528
      0.060113
      0.054386
      0.048526
      0.042703
      0.037066
      0.031742
      0.026835
      0.022424
      0.018562
      0.015280
      0.012585
      0.010466
      0.008895
      0.007829
      0.007214
      0.006990
      0.007091
      0.007449
      0.007996
      0.008668
      0.009406
      0.010154
      0.010868
      0.011506
      0.012038
      0.012442
      0.012703
      0.012813
      0.012772
      0.012585
      0.012262
      0.011819
      0.011274
      0.010645
      0.009955
      0.009225
      0.008476
      0.007727
      0.006998
      0.006304
      0.005660
      0.005077
      0.004562
      0.004122
      0.003761
      0.003478
      0.003272
      0.003140
      0.003077
      0.003075
      0.003129
      0.003229
      0.003368
      0.003537
      0.003727
      0.003931
      0.004142
      0.004354
      0.004561
      0.004758
      0.004942
      0.005110
      0.005260
      0.005392
      0.005505
      0.005600
      0.005676
      0.005736
      0.005781
      0.005811
      0.005829
      0.005836
      0.005832
      0.005819
      0.005796
      0.005765
      0.005725
      0.005675
      0.005616
      0.005545
      0.005462
      0.005367
      0.005257
      0.005133
      0.004993
      0.004837
      0.004665
      0.004478
      0.004276
      0.004060
      0.003833
      0.003597
      0.003354
      0.003107
      0.002861
      0.002618
      0.002382
      0.002158
      0.001949
      0.001759
      0.001591
      0.001449
      0.001335
      0.001251
      0.001198
      0.001178
      0.001189
      0.001232
      0.001305
      0.001406
      0.001530
      0.001676
      0.001839
      0.002015
      0.002197
      0.002383
      0.002566
      0.002741
      0.002904
      0.003051
      0.003177
      0.003278
      0.003353
      0.003398
      0.003413
