     18.770197
     18.698557
     18.485032
     18.133903
     17.652162
     17.049204
     16.336750
     15.528335
     14.639099
     13.685228
     12.683505
     11.651058
     10.604702
      9.560630
      8.534072
      7.538875
      6.587323
      5.689872
      4.854965
      4.089053
      3.396532
      2.779758
      2.239216
      1.773633
      1.380198
      1.054782
      0.792186
      0.586399
      0.430863
      0.318726
      0.243070
      0.197132
      0.174479
      0.169171
      0.175868
      0.189917
      0.207403
      0.225159
      0.240759
      0.252475
      0.259220
      0.260478
      0.256209
      0.246768
      0.232803
      0.215170
      0.194848
      0.172859
      0.150205
      0.127813
      0.106497
      0.086923
      0.069599
      0.054864
      0.042896
      0.033721
      0.027231
      0.023210
      0.021352
      0.021294
      0.022641
      0.024984
      0.027928
      0.031108
      0.034201
      0.036940
      0.039116
      0.040584
      0.041260
      0.041120
      0.040190
      0.038538
      0.036269
      0.033513
      0.030413
      0.027119
      0.023778
      0.020527
      0.017487
      0.014758
      0.012418
      0.010518
      0.009085
      0.008122
      0.007611
      0.007512
      0.007773
      0.008328
      0.009105
      0.010029
      0.011023
      0.012016
      0.012944
      0.013750
      0.014391
      0.014832
      0.015055
      0.015049
      0.014820
      0.014382
      0.013758
      0.012978
      0.012078
      0.011098
      0.010080
      0.009061
      0.008082
      0.007175
      0.006370
      0.005690
      0.005151
      0.004762
      0.004526
      0.004439
      0.004493
      0.004671
      0.004957
      0.005327
      0.005759
      0.006229
      0.006714
      0.007192
      0.007645
      0.008054
      0.008410
      0.008702
      0.008927
      0.009085
      0.009178
      0.009213
      0.009199
      0.009148
      0.009070
      0.008978
      0.008885
      0.008801
      0.008734
      0.008692
      0.008678
      0.008693
      0.008736
      0.008802
      0.008883
      0.008971
      0.009055
      0.009123
      0.009163
      0.009164
      0.009114
      0.009004
      0.008829
      0.008583
      0.008265
      0.007877
      0.007424
      0.006913
      0.006354
      0.005761
      0.005147
      0.004527
      0.003917
      0.003331
      0.002785
      0.002291
      0.001859
      0.001498
      0.001212
      0.001003
      0.000870
      0.000808
      0.000811
      0.000870
      0.000972
      0.001105
      0.001255
      0.001410
      0.001557
      0.001684
      0.001782
      0.001844
      0.001865
