     32.689883
     32.532566
     32.064482
     31.297383
     30.250417
     28.949141
     27.425068
     25.714160
     23.855955
     21.891895
     19.863977
     17.813762
     15.780701
     13.801145
     11.907517
     10.127334
      8.482837
      6.990593
      5.661375
      4.500439
      3.507792
      2.678669
      2.004252
      1.472375
      1.068345
      0.775776
      0.577370
      0.455690
      0.393823
      0.375959
      0.387835
      0.417075
      0.453387
      0.488652
      0.516897
      0.534175
      0.538365
      0.528926
      0.506595
      0.473085
      0.430776
      0.382423
      0.330891
      0.278940
      0.229039
      0.183245
      0.143115
      0.109677
      0.083431
      0.064390
      0.052144
      0.045943
      0.044792
      0.047546
      0.053003
      0.059986
      0.067415
      0.074362
      0.080087
      0.084057
      0.085956
      0.085667
      0.083259
      0.078951
      0.073077
      0.066051
      0.058324
      0.050350
      0.042559
      0.035322
      0.028941
      0.023635
      0.019532
      0.016674
      0.015023
      0.014470
      0.014855
      0.015978
      0.017616
      0.019543
      0.021542
      0.023417
      0.025006
      0.026184
      0.026867
      0.027017
      0.026634
      0.025756
      0.024449
      0.022804
      0.020925
      0.018923
      0.016908
      0.014983
      0.013235
      0.011736
      0.010535
      0.009662
      0.009123
      0.008907
      0.008982
      0.009306
      0.009824
      0.010479
      0.011210
      0.011958
      0.012672
      0.013308
      0.013831
      0.014219
      0.014461
      0.014554
      0.014508
      0.014338
      0.014066
      0.013717
      0.013315
      0.012885
      0.012449
      0.012023
      0.011620
      0.011245
      0.010898
      0.010578
      0.010274
      0.009979
      0.009680
      0.009369
      0.009037
      0.008681
      0.008302
      0.007906
      0.007504
      0.007113
      0.006754
      0.006453
      0.006233
      0.006122
      0.006144
      0.006317
      0.006658
      0.007174
      0.007863
      0.008717
      0.009717
      0.010837
      0.012041
      0.013288
      0.014533
      0.015729
      0.016826
      0.017780
      0.018549
      0.019099
      0.019404
      0.019447
      0.019222
      0.018735
      0.018001
      0.017045
      0.015901
      0.014609
      0.013213
      0.011760
      0.010295
      0.008862
      0.007501
      0.006245
      0.005118
      0.004138
      0.003313
      0.002644
      0.002122
      0.001734
      0.001462
      0.001284
      0.001178
      0.001122
      0.001096
      0.001087
      0.001085
