     29.679927
     29.542837
     29.134805
     28.465664
     27.551489
     26.413743
     25.078940
     23.577417
     21.942639
     20.209811
     18.414749
     16.593149
     14.779092
     13.004275
     11.297269
      9.682692
      8.180846
      6.807349
      5.572966
      4.483803
      3.541464
      2.743387
      2.083415
      1.552329
      1.138517
      0.828643
      0.608307
      0.462687
      0.377128
      0.337651
      0.331366
      0.346809
      0.374156
      0.405354
      0.434151
      0.456044
      0.468158
      0.469072
      0.458596
      0.437532
      0.407423
      0.370308
      0.328488
      0.284324
      0.240063
      0.197706
      0.158903
      0.124900
      0.096514
      0.074136
      0.057768
      0.047071
      0.041436
      0.040056
      0.042002
      0.046295
      0.051975
      0.058153
      0.064058
      0.069065
      0.072715
      0.074716
      0.074941
      0.073410
      0.070266
      0.065754
      0.060184
      0.053907
      0.047286
      0.040667
      0.034363
      0.028637
      0.023688
      0.019652
      0.016594
      0.014520
      0.013374
      0.013060
      0.013441
      0.014362
      0.015654
      0.017150
      0.018691
      0.020140
      0.021381
      0.022326
      0.022920
      0.023133
      0.022964
      0.022436
      0.021592
      0.020488
      0.019190
      0.017770
      0.016296
      0.014836
      0.013447
      0.012179
      0.011069
      0.010142
      0.009414
      0.008888
      0.008559
      0.008414
      0.008434
      0.008598
      0.008881
      0.009258
      0.009707
      0.010204
      0.010730
      0.011267
      0.011799
      0.012313
      0.012797
      0.013240
      0.013631
      0.013960
      0.014218
      0.014392
      0.014475
      0.014455
      0.014324
      0.014076
      0.013707
      0.013216
      0.012608
      0.011890
      0.011076
      0.010186
      0.009242
      0.008273
      0.007312
      0.006392
      0.005549
      0.004819
      0.004233
      0.003822
      0.003609
      0.003611
      0.003837
      0.004287
      0.004951
      0.005812
      0.006842
      0.008007
      0.009265
      0.010570
      0.011875
      0.013129
      0.014284
      0.015296
      0.016126
      0.016743
      0.017122
      0.017251
      0.017125
      0.016751
      0.016144
      0.015328
      0.014334
      0.013197
      0.011958
      0.010659
      0.009339
      0.008039
      0.006792
      0.005627
      0.004569
      0.003632
      0.002826
      0.002153
      0.001607
      0.001181
      0.000859
      0.000627
      0.000467
      0.000362
      0.000299
      0.000266
      0.000256
