    190.805252
    190.490799
    189.550034
    187.991302
    185.828705
    183.080902
    179.772095
    175.930817
    171.590210
    166.787277
    161.561920
    155.957581
    150.019699
    143.795258
    137.332993
    130.681641
    123.890488
    117.008194
    110.082062
    103.158142
     96.280624
     89.490990
     82.828125
     76.327667
     70.022079
     63.940151
     58.107025
     52.544029
     47.268635
     42.294609
     37.631847
     33.286819
     29.262344
     25.558125
     22.170792
     19.094173
     16.319674
     13.836452
     11.631784
      9.691334
      7.999533
      6.539748
      5.294697
      4.246665
      3.377765
      2.670188
      2.106416
      1.669407
      1.342778
      1.110940
      0.959215
      0.873927
      0.842479
      0.853392
      0.896332
      0.962115
      1.042691
      1.131119
      1.221519
      1.309028
      1.389720
      1.460552
      1.519275
      1.564364
      1.594925
      1.610627
      1.611611
      1.598419
      1.571916
      1.533224
      1.483652
      1.424643
      1.357722
      1.284440
      1.206346
      1.124942
      1.041661
      0.957841
      0.874710
      0.793370
      0.714790
      0.639805
      0.569107
      0.503258
      0.442686
      0.387695
      0.338473
      0.295104
      0.257572
      0.225779
      0.199554
      0.178659
      0.162808
      0.151672
      0.144888
      0.142074
      0.142830
      0.146750
      0.153427
      0.162460
      0.173455
      0.186034
      0.199838
      0.214523
      0.229772
      0.245288
      0.260797
      0.276052
      0.290830
      0.304931
      0.318178
      0.330421
      0.341526
      0.351386
      0.359909
      0.367026
      0.372684
      0.376847
      0.379494
      0.380623
      0.380240
      0.378369
      0.375042
      0.370308
      0.364220
      0.356847
      0.348263
      0.338553
      0.327808
      0.316127
      0.303616
      0.290385
      0.276550
      0.262231
      0.247549
      0.232631
      0.217602
      0.202587
      0.187713
      0.173103
      0.158877
      0.145153
      0.132040
      0.119645
      0.108065
      0.097391
      0.087703
      0.079072
      0.071557
      0.065207
      0.060059
      0.056136
      0.053450
      0.051997
      0.051764
      0.052721
      0.054828
      0.058031
      0.062265
      0.067453
      0.073509
      0.080337
      0.087832
      0.095882
      0.104372
      0.113179
      0.122180
      0.131248
      0.140257
      0.149085
      0.157609
      0.165715
      0.173292
      0.180238
      0.186458
      0.191870
      0.196401
      0.199989
      0.202587
      0.204160
      0.204686
