     48.074565
     47.799634
     46.982891
     45.648623
     43.836260
     41.598110
     38.998003
     36.107969
     33.005918
     29.772002
     26.485586
     23.222959
     20.053965
     17.040085
     14.232878
     11.672471
      9.387253
      7.393654
      5.696609
      4.290689
      3.161351
      2.286518
      1.638483
      1.185738
      0.894850
      0.732187
      0.665438
      0.664892
      0.704410
      0.762078
      0.820557
      0.867133
      0.893509
      0.895394
      0.871917
      0.824949
      0.758382
      0.677394
      0.587778
      0.495344
      0.405435
      0.322557
      0.250148
      0.190458
      0.144547
      0.112375
      0.092961
      0.084592
      0.085059
      0.091892
      0.102581
      0.114776
      0.126432
      0.135920
      0.142089
      0.144279
      0.142294
      0.136353
      0.127001
      0.115023
      0.101342
      0.086923
      0.072692
      0.059462
      0.047887
      0.038424
      0.031327
      0.026651
      0.024272
      0.023915
      0.025200
      0.027679
      0.030879
      0.034339
      0.037643
      0.040448
      0.042493
      0.043614
      0.043738
      0.042881
      0.041132
      0.038638
      0.035587
      0.032188
      0.028655
      0.025188
      0.021966
      0.019132
      0.016792
      0.015011
      0.013815
      0.013192
      0.013100
      0.013472
      0.014223
      0.015258
      0.016479
      0.017786
      0.019089
      0.020305
      0.021364
      0.022210
      0.022800
      0.023106
      0.023114
      0.022821
      0.022240
      0.021391
      0.020308
      0.019032
      0.017615
      0.016113
      0.014589
      0.013111
      0.011743
      0.010554
      0.009603
      0.008945
      0.008622
      0.008663
      0.009080
      0.009871
      0.011009
      0.012452
      0.014139
      0.015994
      0.017927
      0.019842
      0.021639
      0.023220
      0.024494
      0.025386
      0.025836
      0.025808
      0.025290
      0.024294
      0.022859
      0.021049
      0.018944
      0.016645
      0.014259
      0.011898
      0.009671
      0.007679
      0.006007
      0.004720
      0.003858
      0.003439
      0.003451
      0.003859
      0.004605
      0.005614
      0.006798
      0.008060
      0.009304
      0.010440
      0.011388
      0.012084
      0.012483
      0.012561
      0.012317
      0.011770
      0.010958
      0.009933
      0.008760
      0.007506
      0.006241
      0.005031
      0.003930
      0.002983
      0.002217
      0.001645
      0.001264
      0.001057
      0.000996
      0.001043
      0.001157
      0.001297
      0.001427
      0.001518
      0.001550
