    168.001480
    167.736328
    166.943085
    165.628479
    163.803894
    161.484375
    158.689667
    155.442780
    151.770721
    147.703522
    143.273666
    138.516556
    133.469330
    128.170486
    122.659988
    116.977966
    111.165108
    105.261795
     99.307266
     93.340088
     87.397324
     81.513977
     75.723183
     70.055435
     64.538773
     59.198410
     54.056599
     49.132553
     44.442421
     39.999317
     35.813240
     31.891296
     28.237648
     24.853804
     21.738674
     18.888788
     16.298559
     13.960424
     11.865130
     10.001940
      8.358934
      6.923140
      5.680872
      4.617907
      3.719702
      2.971603
      2.359031
      1.867633
      1.483453
      1.193057
      0.983637
      0.843108
      0.760182
      0.724422
      0.726278
      0.757111
      0.809195
      0.875709
      0.950720
      1.029149
      1.106734
      1.179977
      1.246099
      1.302974
      1.349074
      1.383404
      1.405441
      1.415071
      1.412529
      1.398339
      1.373261
      1.338240
      1.294357
      1.242786
      1.184757
      1.121519
      1.054314
      0.984348
      0.912774
      0.840672
      0.769037
      0.698770
      0.630672
      0.565440
      0.503664
      0.445833
      0.392331
      0.343447
      0.299381
      0.260244
      0.226072
      0.196831
      0.172425
      0.152703
      0.137466
      0.126480
      0.119476
      0.116159
      0.116219
      0.119329
      0.125156
      0.133365
      0.143620
      0.155591
      0.168956
      0.183403
      0.198632
      0.214360
      0.230319
      0.246259
      0.261946
      0.277169
      0.291733
      0.305463
      0.318205
      0.329823
      0.340200
      0.349241
      0.356864
      0.363011
      0.367638
      0.370718
      0.372242
      0.372216
      0.370659
      0.367606
      0.363106
      0.357219
      0.350016
      0.341581
      0.332004
      0.321388
      0.309839
      0.297472
      0.284406
      0.270766
      0.256678
      0.242270
      0.227670
      0.213007
      0.198406
      0.183989
      0.169876
      0.156179
      0.143003
      0.130450
      0.118607
      0.107558
      0.097372
      0.088110
      0.079823
      0.072546
      0.066308
      0.061121
      0.056988
      0.053898
      0.051831
      0.050753
      0.050621
      0.051382
      0.052972
      0.055321
      0.058350
      0.061973
      0.066101
      0.070638
      0.075487
      0.080550
      0.085726
      0.090918
      0.096030
      0.100969
      0.105648
      0.109985
      0.113904
      0.117339
      0.120232
      0.122534
      0.124206
      0.125221
      0.125561
