    178.969559
    178.680969
    177.817596
    176.386993
    174.401672
    171.878479
    168.839279
    165.309662
    161.319458
    156.902054
    152.093414
    146.932648
    141.460938
    135.720703
    129.756027
    123.611206
    117.330948
    110.959518
    104.540009
     98.114563
     91.723618
     85.405258
     79.195404
     73.127007
     67.230225
     61.532028
     56.056068
     50.822624
     45.848503
     41.147179
     36.728683
     32.599842
     28.764240
     25.222580
     21.972734
     19.009987
     16.327358
     13.915773
     11.764349
      9.860666
      8.191088
      6.740912
      5.494752
      4.436724
      3.550689
      2.820484
      2.230116
      1.763933
      1.406803
      1.144238
      0.962510
      0.848747
      0.791003
      0.778313
      0.800720
      0.849289
      0.916109
      0.994269
      1.077833
      1.161797
      1.242034
      1.315240
      1.378870
      1.431067
      1.470595
      1.496763
      1.509359
      1.508575
      1.494949
      1.469290
      1.432622
      1.386136
      1.331131
      1.268970
      1.201045
      1.128739
      1.053396
      0.976298
      0.898646
      0.821544
      0.745986
      0.672853
      0.602908
      0.536790
      0.475025
      0.418019
      0.366073
      0.319381
      0.278048
      0.242087
      0.211439
      0.185975
      0.165508
      0.149801
      0.138577
      0.131528
      0.128320
      0.128602
      0.132012
      0.138184
      0.146751
      0.157353
      0.169635
      0.183257
      0.197891
      0.213229
      0.228977
      0.244865
      0.260639
      0.276069
      0.290945
      0.305078
      0.318302
      0.330468
      0.341451
      0.351143
      0.359456
      0.366321
      0.371686
      0.375517
      0.377795
      0.378517
      0.377694
      0.375353
      0.371531
      0.366281
      0.359666
      0.351758
      0.342642
      0.332410
      0.321164
      0.309010
      0.296064
      0.282445
      0.268277
      0.253687
      0.238803
      0.223756
      0.208674
      0.193687
      0.178918
      0.164490
      0.150520
      0.137119
      0.124391
      0.112431
      0.101326
      0.091154
      0.081980
      0.073861
      0.066840
      0.060948
      0.056204
      0.052615
      0.050173
      0.048861
      0.048646
      0.049486
      0.051325
      0.054100
      0.057735
      0.062146
      0.067241
      0.072921
      0.079084
      0.085620
      0.092419
      0.099367
      0.106353
      0.113264
      0.119993
      0.126435
      0.132491
      0.138070
      0.143085
      0.147463
      0.151137
      0.154053
      0.156167
      0.157448
      0.157877
