     11.125903
     11.091327
     10.988149
     10.818064
     10.583850
     10.289257
      9.938999
      9.538567
      9.094175
      8.612561
      8.100811
      7.566314
      7.016486
      6.458658
      5.899955
      5.347114
      4.806405
      4.283506
      3.783390
      3.310315
      2.867765
      2.458397
      2.084082
      1.745901
      1.444194
      1.178611
      0.948179
      0.751377
      0.586226
      0.450377
      0.341201
      0.255882
      0.191499
      0.145110
      0.113828
      0.094879
      0.085660
      0.083782
      0.087103
      0.093749
      0.102123
      0.110915
      0.119084
      0.125857
      0.130696
      0.133286
      0.133498
      0.131363
      0.127041
      0.120791
      0.112941
      0.103861
      0.093938
      0.083560
      0.073091
      0.062862
      0.053160
      0.044220
      0.036222
      0.029289
      0.023493
      0.018852
      0.015341
      0.012897
      0.011424
      0.010803
      0.010899
      0.011568
      0.012663
      0.014041
      0.015568
      0.017123
      0.018599
      0.019909
      0.020982
      0.021768
      0.022237
      0.022374
      0.022181
      0.021674
      0.020882
      0.019841
      0.018595
      0.017193
      0.015686
      0.014123
      0.012554
      0.011024
      0.009575
      0.008242
      0.007054
      0.006034
      0.005197
      0.004552
      0.004101
      0.003841
      0.003763
      0.003853
      0.004093
      0.004462
      0.004937
      0.005492
      0.006103
      0.006742
      0.007385
      0.008009
      0.008591
      0.009112
      0.009556
      0.009908
      0.010158
      0.010300
      0.010329
      0.010245
      0.010051
      0.009752
      0.009359
      0.008880
      0.008331
      0.007724
      0.007077
      0.006405
      0.005727
      0.005058
      0.004415
      0.003812
      0.003264
      0.002783
      0.002378
      0.002058
      0.001827
      0.001688
      0.001643
      0.001688
      0.001819
      0.002030
      0.002313
      0.002656
      0.003050
      0.003481
      0.003936
      0.004403
      0.004869
      0.005321
      0.005748
      0.006140
      0.006488
      0.006784
      0.007025
      0.007205
      0.007325
      0.007383
      0.007383
      0.007328
      0.007224
      0.007076
      0.006893
      0.006682
      0.006452
      0.006211
      0.005967
      0.005728
      0.005501
      0.005292
      0.005105
      0.004944
      0.004812
      0.004708
      0.004634
      0.004587
      0.004565
      0.004564
      0.004581
      0.004610
      0.004648
      0.004690
      0.004731
      0.004767
      0.004795
      0.004813
      0.004819
