     53.219111
     52.899985
     51.952334
     50.405703
     48.307910
     45.722305
     42.725898
     39.405386
     35.854050
     32.167302
     28.438989
     24.758462
     21.206602
     17.853547
     14.756848
     11.959884
      9.491591
      7.366493
      5.585455
      4.137282
      3.000426
      2.145097
      1.535674
      1.133002
      0.896675
      0.787076
      0.767132
      0.803707
      0.868598
      0.939121
      0.998314
      1.034782
      1.042253
      1.018900
      0.966509
      0.889561
      0.794310
      0.687897
      0.577575
      0.470057
      0.371035
      0.284847
      0.214327
      0.160786
      0.124127
      0.103051
      0.095332
      0.098123
      0.108266
      0.122588
      0.138144
      0.152420
      0.163462
      0.169949
      0.171202
      0.167144
      0.158211
      0.145244
      0.129356
      0.111797
      0.093834
      0.076634
      0.061184
      0.048225
      0.038224
      0.031369
      0.027583
      0.026566
      0.027845
      0.030830
      0.034877
      0.039347
      0.043652
      0.047302
      0.049923
      0.051283
      0.051282
      0.049955
      0.047445
      0.043981
      0.039850
      0.035365
      0.030842
      0.026565
      0.022777
      0.019657
      0.017318
      0.015803
      0.015088
      0.015096
      0.015705
      0.016761
      0.018099
      0.019552
      0.020966
      0.022210
      0.023185
      0.023822
      0.024092
      0.023994
      0.023558
      0.022835
      0.021889
      0.020795
      0.019626
      0.018448
      0.017320
      0.016286
      0.015376
      0.014608
      0.013985
      0.013504
      0.013155
      0.012926
      0.012804
      0.012782
      0.012856
      0.013030
      0.013308
      0.013700
      0.014217
      0.014865
      0.015646
      0.016553
      0.017567
      0.018658
      0.019785
      0.020894
      0.021921
      0.022801
      0.023464
      0.023846
      0.023893
      0.023565
      0.022841
      0.021721
      0.020229
      0.018414
      0.016346
      0.014115
      0.011824
      0.009584
      0.007509
      0.005704
      0.004263
      0.003262
      0.002749
      0.002746
      0.003245
      0.004207
      0.005567
      0.007236
      0.009107
      0.011062
      0.012980
      0.014744
      0.016249
      0.017406
      0.018153
      0.018452
      0.018292
      0.017693
      0.016698
      0.015370
      0.013791
      0.012050
      0.010241
      0.008453
      0.006765
      0.005243
      0.003933
      0.002864
      0.002041
      0.001455
      0.001077
      0.000869
      0.000786
      0.000782
      0.000813
      0.000847
      0.000861
