    266.218201
    265.726135
    264.254639
    261.818176
    258.441284
    254.156418
    249.005737
    243.038666
    236.312469
    228.890625
    220.841690
    212.239777
    203.161850
    193.687225
    183.897339
    173.873230
    163.695953
    153.444778
    143.195801
    133.022308
    122.993408
    113.172951
    103.619598
     94.385757
     85.517822
     77.055542
     69.031937
     61.473232
     54.399067
     47.822651
     41.750809
     36.184639
     31.119579
     26.546165
     22.450352
     18.814070
     15.615921
     12.831588
     10.434513
      8.396402
      6.687852
      5.278737
      4.138811
      3.238103
      2.547312
      2.038176
      1.683754
      1.458691
      1.339413
      1.304278
      1.333672
      1.410075
      1.518074
      1.644337
      1.777561
      1.908389
      2.029299
      2.134475
      2.219666
      2.282032
      2.319980
      2.333003
      2.321519
      2.286709
      2.230365
      2.154751
      2.062462
      1.956311
      1.839212
      1.714093
      1.583809
      1.451075
      1.318414
      1.188109
      1.062177
      0.942349
      0.830057
      0.726435
      0.632326
      0.548292
      0.474633
      0.411410
      0.358468
      0.315464
      0.281895
      0.257126
      0.240417
      0.230953
      0.227867
      0.230266
      0.237248
      0.247928
      0.261448
      0.276997
      0.293819
      0.311222
      0.328585
      0.345366
      0.361098
      0.375394
      0.387943
      0.398513
      0.406936
      0.413115
      0.417010
      0.418637
      0.418057
      0.415372
      0.410719
      0.404257
      0.396170
      0.386652
      0.375908
      0.364145
      0.351566
      0.338372
      0.324751
      0.310883
      0.296930
      0.283042
      0.269349
      0.255967
      0.242992
      0.230507
      0.218577
      0.207252
      0.196571
      0.186561
      0.177239
      0.168614
      0.160691
      0.153468
      0.146944
      0.141114
      0.135975
      0.131527
      0.127773
      0.124717
      0.122370
      0.120746
      0.119864
      0.119747
      0.120421
      0.121916
      0.124262
      0.127492
      0.131638
      0.136730
      0.142793
      0.149850
      0.157917
      0.167004
      0.177108
      0.188221
      0.200322
      0.213378
      0.227343
      0.242160
      0.257758
      0.274052
      0.290948
      0.308335
      0.326094
      0.344096
      0.362203
      0.380268
      0.398140
      0.415665
      0.432686
      0.449045
      0.464591
      0.479173
      0.492647
      0.504882
      0.515754
      0.525150
      0.532976
      0.539149
      0.543605
      0.546298
      0.547199
