    217.436935
    217.062134
    215.941040
    214.084091
    211.508606
    208.237915
    204.302094
    199.736481
    194.582153
    188.884903
    182.694077
    176.063141
    169.048065
    161.706558
    154.098190
    146.282623
    138.319672
    130.268402
    122.185844
    114.127304
    106.145561
     98.289818
     90.605957
     83.135513
     75.916023
     68.980362
     62.356735
     56.068554
     50.134460
     44.568504
     39.379982
     34.573975
     30.151237
     26.108761
     22.439913
     19.134819
     16.180830
     13.562756
     11.263361
      9.263711
      7.543604
      6.081854
      4.856741
      3.846306
      3.028659
      2.382266
      1.886203
      1.520366
      1.265662
      1.104163
      1.019217
      0.995541
      1.019274
      1.078013
      1.160805
      1.258134
      1.361877
      1.465244
      1.562706
      1.649905
      1.723563
      1.781379
      1.821917
      1.844512
      1.849150
      1.836374
      1.807174
      1.762902
      1.705175
      1.635803
      1.556706
      1.469857
      1.377222
      1.280711
      1.182141
      1.083204
      0.985439
      0.890220
      0.798739
      0.712005
      0.630840
      0.555885
      0.487607
      0.426308
      0.372140
      0.325116
      0.285126
      0.251956
      0.225300
      0.204780
      0.189957
      0.180352
      0.175450
      0.174725
      0.177640
      0.183664
      0.192277
      0.202980
      0.215299
      0.228789
      0.243040
      0.257679
      0.272366
      0.286805
      0.300732
      0.313924
      0.326191
      0.337376
      0.347355
      0.356032
      0.363338
      0.369226
      0.373671
      0.376667
      0.378225
      0.378369
      0.377134
      0.374566
      0.370720
      0.365658
      0.359447
      0.352158
      0.343868
      0.334656
      0.324605
      0.313799
      0.302325
      0.290271
      0.277729
      0.264791
      0.251551
      0.238106
      0.224552
      0.210988
      0.197513
      0.184227
      0.171231
      0.158625
      0.146507
      0.134976
      0.124125
      0.114047
      0.104830
      0.096557
      0.089303
      0.083139
      0.078127
      0.074319
      0.071759
      0.070479
      0.070500
      0.071831
      0.074468
      0.078396
      0.083583
      0.089989
      0.097555
      0.106213
      0.115882
      0.126468
      0.137867
      0.149964
      0.162635
      0.175749
      0.189168
      0.202749
      0.216348
      0.229816
      0.243007
      0.255774
      0.267977
      0.279480
      0.290153
      0.299876
      0.308540
      0.316045
      0.322306
      0.327251
      0.330825
      0.332986
      0.333709
