     13.147792
     13.104127
     12.973870
     12.759305
     12.464175
     12.093512
     11.653640
     11.151899
     10.596569
      9.996587
      9.361321
      8.700463
      8.023683
      7.340469
      6.659954
      5.990673
      5.340463
      4.716301
      4.124171
      3.569050
      3.054845
      2.584348
      2.159301
      1.780406
      1.447416
      1.159220
      0.913938
      0.709049
      0.541511
      0.407896
      0.304505
      0.227502
      0.173020
      0.137268
      0.116620
      0.107688
      0.107387
      0.112972
      0.122073
      0.132700
      0.143252
      0.152497
      0.159552
      0.163855
      0.165121
      0.163309
      0.158572
      0.151216
      0.141658
      0.130384
      0.117915
      0.104775
      0.091461
      0.078427
      0.066065
      0.054697
      0.044564
      0.035832
      0.028590
      0.022856
      0.018586
      0.015683
      0.014011
      0.013400
      0.013663
      0.014602
      0.016021
      0.017733
      0.019565
      0.021364
      0.023004
      0.024382
      0.025424
      0.026081
      0.026332
      0.026175
      0.025629
      0.024731
      0.023527
      0.022074
      0.020435
      0.018674
      0.016853
      0.015034
      0.013270
      0.011610
      0.010092
      0.008749
      0.007601
      0.006663
      0.005940
      0.005430
      0.005124
      0.005009
      0.005065
      0.005270
      0.005600
      0.006029
      0.006531
      0.007079
      0.007650
      0.008218
      0.008765
      0.009269
      0.009716
      0.010091
      0.010383
      0.010585
      0.010691
      0.010699
      0.010608
      0.010422
      0.010144
      0.009781
      0.009342
      0.008837
      0.008278
      0.007677
      0.007049
      0.006407
      0.005766
      0.005142
      0.004548
      0.004000
      0.003511
      0.003091
      0.002753
      0.002505
      0.002354
      0.002305
      0.002359
      0.002516
      0.002775
      0.003128
      0.003570
      0.004089
      0.004674
      0.005312
      0.005986
      0.006681
      0.007380
      0.008066
      0.008722
      0.009333
      0.009885
      0.010363
      0.010757
      0.011059
      0.011261
      0.011360
      0.011354
      0.011247
      0.011040
      0.010741
      0.010359
      0.009904
      0.009387
      0.008822
      0.008222
      0.007601
      0.006972
      0.006348
      0.005741
      0.005161
      0.004617
      0.004116
      0.003663
      0.003262
      0.002914
      0.002618
      0.002373
      0.002175
      0.002019
      0.001901
      0.001814
      0.001752
      0.001711
      0.001685
      0.001669
      0.001661
      0.001659
