    248.651581
    248.202698
    246.860168
    244.637085
    241.555176
    237.643433
    232.939590
    227.487640
    221.338913
    214.550201
    207.182861
    199.303284
    190.980621
    182.286148
    173.293121
    164.074646
    154.703918
    145.252686
    135.790161
    126.382889
    117.094101
    107.982254
     99.101425
     90.500168
     82.221710
     74.303406
     66.776703
     59.667000
     52.993679
     46.770477
     41.005318
     35.700951
     30.854946
     26.460363
     22.506037
     18.977057
     15.855332
     13.120010
     10.748024
      8.714563
      6.993636
      5.558402
      4.381728
      3.436551
      2.696229
      2.134895
      1.727732
      1.451210
      1.283289
      1.203572
      1.193411
      1.235985
      1.316328
      1.421329
      1.539701
      1.661924
      1.780157
      1.888141
      1.981081
      2.055517
      2.109184
      2.140881
      2.150317
      2.137985
      2.105005
      2.053019
      1.984048
      1.900394
      1.804525
      1.698993
      1.586353
      1.469089
      1.349566
      1.229977
      1.112311
      0.998327
      0.889541
      0.787212
      0.692349
      0.605709
      0.527811
      0.458951
      0.399222
      0.348531
      0.306622
      0.273105
      0.247472
      0.229124
      0.217393
      0.211565
      0.210897
      0.214635
      0.222034
      0.232367
      0.244939
      0.259099
      0.274244
      0.289826
      0.305357
      0.320411
      0.334623
      0.347691
      0.359371
      0.369478
      0.377880
      0.384492
      0.389275
      0.392231
      0.393392
      0.392824
      0.390612
      0.386864
      0.381700
      0.375252
      0.367655
      0.359049
      0.349574
      0.339366
      0.328556
      0.317267
      0.305619
      0.293718
      0.281663
      0.269546
      0.257447
      0.245440
      0.233591
      0.221959
      0.210597
      0.199556
      0.188880
      0.178613
      0.168795
      0.159469
      0.150674
      0.142454
      0.134850
      0.127907
      0.121671
      0.116190
      0.111512
      0.107686
      0.104761
      0.102786
      0.101807
      0.101868
      0.103009
      0.105265
      0.108665
      0.113230
      0.118974
      0.125899
      0.134000
      0.143258
      0.153641
      0.165110
      0.177606
      0.191062
      0.205398
      0.220518
      0.236318
      0.252681
      0.269479
      0.286578
      0.303832
      0.321094
      0.338208
      0.355017
      0.371365
      0.387095
      0.402054
      0.416095
      0.429077
      0.440868
      0.451348
      0.460408
      0.467955
      0.473908
      0.478206
      0.480803
      0.481672
