     95.703096
     94.921367
     92.608770
     88.862773
     83.839512
     77.742939
     70.815225
     63.321123
     55.534658
     47.722939
     40.133081
     32.981699
     26.444368
     20.650437
     15.680686
     11.567324
      8.298113
      5.822067
      4.057307
      2.900239
      2.234740
      1.941133
      1.904313
      2.020321
      2.201268
      2.378321
      2.502852
      2.545899
      2.496178
      2.357092
      2.143040
      1.875536
      1.579395
      1.279392
      0.997544
      0.751180
      0.551858
      0.405046
      0.310502
      0.263180
      0.254483
      0.273692
      0.309380
      0.350678
      0.388295
      0.415200
      0.426981
      0.421864
      0.400463
      0.365320
      0.320308
      0.269994
      0.219025
      0.171596
      0.131050
      0.099629
      0.078377
      0.067184
      0.064955
      0.069849
      0.079574
      0.091682
      0.103846
      0.114086
      0.120927
      0.123486
      0.121487
      0.115210
      0.105392
      0.093091
      0.079536
      0.065979
      0.053562
      0.043206
      0.035546
      0.030890
      0.029222
      0.030238
      0.033399
      0.038008
      0.043293
      0.048491
      0.052919
      0.056033
      0.057473
      0.057082
      0.054904
      0.051167
      0.046248
      0.040626
      0.034830
      0.029385
      0.024760
      0.021326
      0.019327
      0.018859
      0.019867
      0.022158
      0.025422
      0.029268
      0.033261
      0.036967
      0.039993
      0.042025
      0.042853
      0.042391
      0.040682
      0.037887
      0.034273
      0.030177
      0.025979
      0.022058
      0.018761
      0.016365
      0.015055
      0.014907
      0.015884
      0.017842
      0.020549
      0.023709
      0.026993
      0.030076
      0.032666
      0.034533
      0.035535
      0.035620
      0.034837
      0.033322
      0.031279
      0.028956
      0.026618
      0.024512
      0.022842
      0.021746
      0.021280
      0.021416
      0.022042
      0.022983
      0.024016
      0.024901
      0.025409
      0.025351
      0.024600
      0.023112
      0.020929
      0.018182
      0.015077
      0.011873
      0.008860
      0.006327
      0.004530
      0.003668
      0.003856
      0.005119
      0.007381
      0.010476
      0.014163
      0.018147
      0.022112
      0.025746
      0.028779
      0.031001
      0.032285
      0.032594
      0.031984
      0.030596
      0.028633
      0.026342
      0.023983
      0.021801
      0.020002
      0.018733
      0.018068
      0.018001
      0.018459
      0.019306
      0.020368
      0.021454
      0.022383
      0.023005
      0.023224
