      5.852477
      5.838129
      5.795266
      5.724448
      5.626597
      5.502957
      5.355106
      5.184900
      4.994460
      4.786114
      4.562343
      4.325786
      4.079140
      3.825132
      3.566491
      3.305875
      3.045854
      2.788860
      2.537146
      2.292773
      2.057584
      1.833173
      1.620884
      1.421799
      1.236738
      1.066266
      0.910696
      0.770103
      0.644344
      0.533077
      0.435781
      0.351785
      0.280286
      0.220387
      0.171109
      0.131429
      0.100294
      0.076650
      0.059460
      0.047721
      0.040482
      0.036853
      0.036018
      0.037242
      0.039874
      0.043351
      0.047197
      0.051021
      0.054515
      0.057446
      0.059650
      0.061029
      0.061537
      0.061175
      0.059985
      0.058037
      0.055426
      0.052260
      0.048660
      0.044747
      0.040642
      0.036461
      0.032309
      0.028281
      0.024458
      0.020907
      0.017678
      0.014808
      0.012319
      0.010222
      0.008512
      0.007176
      0.006193
      0.005534
      0.005163
      0.005043
      0.005134
      0.005394
      0.005783
      0.006262
      0.006795
      0.007350
      0.007897
      0.008412
      0.008873
      0.009265
      0.009575
      0.009796
      0.009923
      0.009956
      0.009896
      0.009748
      0.009520
      0.009219
      0.008854
      0.008438
      0.007979
      0.007490
      0.006981
      0.006462
      0.005944
      0.005436
      0.004945
      0.004479
      0.004044
      0.003646
      0.003289
      0.002976
      0.002710
      0.002492
      0.002324
      0.002205
      0.002136
      0.002113
      0.002137
      0.002205
      0.002315
      0.002462
      0.002645
      0.002859
      0.003101
      0.003365
      0.003650
      0.003948
      0.004257
      0.004571
      0.004886
      0.005196
      0.005498
      0.005787
      0.006058
      0.006308
      0.006531
      0.006725
      0.006887
      0.007014
      0.007103
      0.007153
      0.007163
      0.007131
      0.007059
      0.006947
      0.006796
      0.006608
      0.006385
      0.006132
      0.005850
      0.005544
      0.005218
      0.004877
      0.004525
      0.004168
      0.003810
      0.003456
      0.003110
      0.002776
      0.002459
      0.002163
      0.001889
      0.001641
      0.001419
      0.001227
      0.001063
      0.000929
      0.000823
      0.000744
      0.000691
      0.000661
      0.000652
      0.000660
      0.000683
      0.000717
      0.000759
      0.000805
      0.000853
      0.000899
      0.000940
      0.000975
      0.001001
      0.001017
      0.001023
