    203.596771
    203.253708
    202.227325
    200.527084
    198.168549
    195.172424
    191.565903
    187.380585
    182.653351
    177.425385
    171.740936
    165.648254
    159.197662
    152.441254
    145.432892
    138.226395
    130.876068
    123.435493
    115.956573
    108.489799
    101.083374
     93.782516
     86.629440
     79.662628
     72.916962
     66.423264
     60.208176
     54.294060
     48.698997
     43.436974
     38.517658
     33.946922
     29.726665
     25.855379
     22.328190
     19.137228
     16.272013
     13.719677
     11.465393
      9.492664
      7.783738
      6.319834
      5.081560
      4.049182
      3.202901
      2.523117
      1.990674
      1.587042
      1.294519
      1.096368
      0.976930
      0.921726
      0.917516
      0.952335
      1.015517
      1.097676
      1.190690
      1.287651
      1.382815
      1.471527
      1.550143
      1.615950
      1.667069
      1.702368
      1.721362
      1.724128
      1.711210
      1.683534
      1.642328
      1.589047
      1.525301
      1.452796
      1.373278
      1.288486
      1.200109
      1.109758
      1.018930
      0.928996
      0.841184
      0.756565
      0.676053
      0.600402
      0.530210
      0.465925
      0.407851
      0.356163
      0.310911
      0.272043
      0.239407
      0.212774
      0.191844
      0.176264
      0.165638
      0.159537
      0.157514
      0.159109
      0.163861
      0.171311
      0.181016
      0.192547
      0.205494
      0.219475
      0.234134
      0.249143
      0.264202
      0.279043
      0.293428
      0.307147
      0.320018
      0.331886
      0.342621
      0.352120
      0.360298
      0.367093
      0.372460
      0.376374
      0.378823
      0.379810
      0.379352
      0.377475
      0.374218
      0.369629
      0.363764
      0.356687
      0.348469
      0.339190
      0.328932
      0.317786
      0.305847
      0.293213
      0.279989
      0.266282
      0.252203
      0.237864
      0.223380
      0.208867
      0.194443
      0.180224
      0.166325
      0.152859
      0.139937
      0.127666
      0.116148
      0.105477
      0.095743
      0.087028
      0.079402
      0.072929
      0.067660
      0.063636
      0.060885
      0.059423
      0.059254
      0.060366
      0.062738
      0.066332
      0.071098
      0.076973
      0.083884
      0.091744
      0.100455
      0.109911
      0.119997
      0.130590
      0.141561
      0.152778
      0.164103
      0.175399
      0.186530
      0.197358
      0.207753
      0.217588
      0.226741
      0.235103
      0.242569
      0.249048
      0.254462
      0.258743
      0.261839
      0.263712
      0.264339
