    109.753807
    109.603561
    109.153900
    108.408173
    107.372009
    106.052917
    104.460663
    102.606812
    100.504768
     98.169701
     95.617973
     92.867569
     89.937416
     86.847290
     83.617844
     80.270004
     76.825180
     73.304817
     69.730072
     66.121826
     62.500664
     58.886124
     55.297184
     51.751610
     48.266151
     44.856323
     41.536270
     38.318722
     35.214951
     32.234821
     29.386545
     26.676968
     24.111324
     21.693512
     19.425945
     17.309713
     15.344675
     13.529472
     11.861685
     10.337883
      8.953791
      7.704308
      6.583694
      5.585655
      4.703430
      3.929919
      3.257778
      2.679503
      2.187534
      1.774339
      1.432473
      1.154660
      0.933850
      0.763269
      0.636467
      0.547351
      0.490213
      0.459754
      0.451095
      0.459786
      0.481808
      0.513568
      0.551889
      0.594001
      0.637522
      0.680435
      0.721073
      0.758088
      0.790430
      0.817320
      0.838222
      0.852816
      0.860977
      0.862741
      0.858288
      0.847915
      0.832014
      0.811053
      0.785557
      0.756088
      0.723236
      0.687598
      0.649771
      0.610340
      0.569867
      0.528890
      0.487910
      0.447390
      0.407753
      0.369376
      0.332592
      0.297687
      0.264901
      0.234430
      0.206429
      0.181007
      0.158239
      0.138160
      0.120772
      0.106047
      0.093930
      0.084339
      0.077172
      0.072309
      0.069612
      0.068932
      0.070109
      0.072977
      0.077361
      0.083087
      0.089978
      0.097859
      0.106558
      0.115906
      0.125742
      0.135910
      0.146262
      0.156662
      0.166981
      0.177101
      0.186916
      0.196330
      0.205260
      0.213633
      0.221389
      0.228479
      0.234865
      0.240519
      0.245427
      0.249581
      0.252984
      0.255650
      0.257597
      0.258855
      0.259458
      0.259446
      0.258866
      0.257767
      0.256202
      0.254229
      0.251905
      0.249290
      0.246442
      0.243421
      0.240285
      0.237089
      0.233886
      0.230727
      0.227658
      0.224722
      0.221958
      0.219398
      0.217071
      0.215001
      0.213206
      0.211699
      0.210486
      0.209571
      0.208952
      0.208621
      0.208566
      0.208772
      0.209219
      0.209885
      0.210744
      0.211767
      0.212926
      0.214188
      0.215522
      0.216897
      0.218278
      0.219637
      0.220943
      0.222168
      0.223286
      0.224273
      0.225110
      0.225779
      0.226266
      0.226563
      0.226663
