     15.675681
     15.619880
     15.453480
     15.179601
     14.803350
     14.331584
     13.772893
     13.137227
     12.435760
     11.680496
     10.883956
     10.059008
      9.218401
      8.374523
      7.539172
      6.723240
      5.936564
      5.187725
      4.483887
      3.830797
      3.232716
      2.692383
      2.211137
      1.788953
      1.424589
      1.115720
      0.859103
      0.650751
      0.486120
      0.360289
      0.268134
      0.204491
      0.164305
      0.142758
      0.135377
      0.138112
      0.147402
      0.160210
      0.174034
      0.186907
      0.197373
      0.204447
      0.207572
      0.206556
      0.201516
      0.192811
      0.180978
      0.166673
      0.150617
      0.133543
      0.116158
      0.099105
      0.082945
      0.068132
      0.055009
      0.043805
      0.034634
      0.027512
      0.022361
      0.019029
      0.017305
      0.016939
      0.017654
      0.019166
      0.021197
      0.023487
      0.025802
      0.027946
      0.029760
      0.031126
      0.031968
      0.032250
      0.031970
      0.031160
      0.029873
      0.028187
      0.026187
      0.023969
      0.021631
      0.019266
      0.016959
      0.014786
      0.012809
      0.011077
      0.009620
      0.008458
      0.007593
      0.007016
      0.006707
      0.006637
      0.006771
      0.007069
      0.007490
      0.007991
      0.008532
      0.009078
      0.009595
      0.010058
      0.010444
      0.010739
      0.010933
      0.011023
      0.011010
      0.010898
      0.010697
      0.010418
      0.010074
      0.009677
      0.009244
      0.008786
      0.008317
      0.007847
      0.007387
      0.006945
      0.006526
      0.006137
      0.005780
      0.005458
      0.005173
      0.004927
      0.004719
      0.004551
      0.004424
      0.004340
      0.004300
      0.004306
      0.004360
      0.004465
      0.004623
      0.004834
      0.005101
      0.005423
      0.005799
      0.006226
      0.006701
      0.007217
      0.007766
      0.008339
      0.008926
      0.009515
      0.010091
      0.010641
      0.011150
      0.011606
      0.011994
      0.012302
      0.012519
      0.012637
      0.012650
      0.012553
      0.012346
      0.012030
      0.011610
      0.011095
      0.010493
      0.009817
      0.009082
      0.008302
      0.007494
      0.006675
      0.005860
      0.005066
      0.004306
      0.003593
      0.002937
      0.002347
      0.001827
      0.001381
      0.001008
      0.000707
      0.000474
      0.000301
      0.000181
      0.000106
      0.000065
      0.000051
      0.000052
      0.000063
      0.000076
      0.000085
      0.000089
