    148.352966
    148.128479
    147.456757
    146.343262
    144.797333
    142.831146
    140.460815
    137.705124
    134.586060
    131.128220
    127.358131
    123.304840
    118.998871
    114.471817
    109.756691
    104.886688
     99.895477
     94.816620
     89.682983
     84.526810
     79.379318
     74.270126
     69.227455
     64.277428
     59.444279
     54.749989
     50.214188
     45.854080
     41.684395
     37.717407
     33.962818
     30.427986
     27.117790
     24.034920
     21.179867
     18.551075
     16.145174
     13.957076
     11.980171
     10.206528
      8.627091
      7.231815
      6.009922
      4.950049
      4.040436
      3.269078
      2.623907
      2.092907
      1.664274
      1.326516
      1.068557
      0.879827
      0.750335
      0.670724
      0.632319
      0.627152
      0.647983
      0.688304
      0.742336
      0.805013
      0.871962
      0.939466
      1.004439
      1.064380
      1.117325
      1.161809
      1.196813
      1.221716
      1.236246
      1.240433
      1.234567
      1.219145
      1.194843
      1.162461
      1.122902
      1.077136
      1.026166
      0.971010
      0.912674
      0.852138
      0.790333
      0.728139
      0.666367
      0.605754
      0.546960
      0.490564
      0.437060
      0.386863
      0.340307
      0.297649
      0.259073
      0.224695
      0.194566
      0.168680
      0.146980
      0.129361
      0.115677
      0.105748
      0.099364
      0.096290
      0.096273
      0.099045
      0.104326
      0.111832
      0.121275
      0.132366
      0.144823
      0.158368
      0.172730
      0.187651
      0.202884
      0.218194
      0.233363
      0.248187
      0.262479
      0.276071
      0.288808
      0.300557
      0.311201
      0.320641
      0.328795
      0.335601
      0.341011
      0.344995
      0.347540
      0.348646
      0.348331
      0.346625
      0.343571
      0.339225
      0.333653
      0.326932
      0.319149
      0.310396
      0.300775
      0.290392
      0.279356
      0.267783
      0.255786
      0.243482
      0.230986
      0.218412
      0.205871
      0.193470
      0.181311
      0.169490
      0.158096
      0.147212
      0.136910
      0.127256
      0.118304
      0.110101
      0.102681
      0.096071
      0.090285
      0.085328
      0.081196
      0.077874
      0.075338
      0.073555
      0.072487
      0.072084
      0.072292
      0.073051
      0.074297
      0.075961
      0.077972
      0.080256
      0.082740
      0.085350
      0.088014
      0.090663
      0.093231
      0.095654
      0.097878
      0.099850
      0.101526
      0.102869
      0.103850
      0.104447
      0.104647
